Vendor ID: 0x1bb1
Device ID: 0x5026
Lane: 3
Time (%UI)	Voltage (V)	Duration (s)	Count	Pass
-50.000	0.000	0.001014527	31	0
-48.387	0.000	0.001013425	31	0
-46.774	0.000	0.001013435	31	0
-45.161	0.000	0.001013044	31	0
-43.548	0.000	0.001012824	31	0
-41.935	0.000	0.001012793	31	0
-40.323	0.000	0.001012514	31	0
-38.710	0.000	0.001012413	31	0
-37.097	0.000	0.001012263	31	0
-35.484	0.000	0.001012022	31	0
-33.871	0.000	0.001011982	31	0
-32.258	0.000	0.001011882	31	0
-30.645	0.000	0.001011852	31	0
-29.032	0.000	0.001012023	31	0
-27.419	0.000	0.001014046	31	0
-25.806	0.000	0.001011652	4	0
-24.194	0.000	0.001012483	6	0
-22.581	0.000	0.001011441	6	0
-20.968	0.000	0.001011451	14	0
-19.355	0.000	1.002079378	7	0
-17.742	0.000	1.002081782	9	0
-16.129	0.000	1.002081042	5	0
-14.516	0.000	1.006188072	0	1
-12.903	0.000	1.006171752	0	1
-11.290	0.000	1.006187491	0	1
-9.677	0.000	1.006191289	0	1
-8.065	0.000	1.006189485	0	1
-6.452	0.000	1.006185307	0	1
-4.839	0.000	1.006186048	0	1
-3.226	0.000	1.006186139	0	1
-1.613	0.000	1.006185679	0	1
1.613	0.000	1.006187562	0	1
3.226	0.000	1.006187652	0	1
4.839	0.000	1.006184766	0	1
6.452	0.000	1.006185458	0	1
8.065	0.000	1.006187631	0	1
9.677	0.000	1.006190527	0	1
11.290	0.000	1.006185427	0	1
12.903	0.000	1.006178585	0	1
14.516	0.000	1.006185687	0	1
16.129	0.000	1.006186069	0	1
17.742	0.000	1.006188874	0	1
19.355	0.000	1.006186450	0	1
20.968	0.000	1.006186048	0	1
22.581	0.000	1.006187972	0	1
24.194	0.000	1.006185347	0	1
25.806	0.000	1.006186650	0	1
27.419	0.000	1.006188904	1	1
29.032	0.000	1.002058278	6	0
30.645	0.000	1.002078135	5	0
32.258	0.000	1.002034904	9	0
33.871	0.000	1.002078737	10	0
35.484	0.000	0.001016531	5	0
37.097	0.000	0.001014888	7	0
38.710	0.000	0.001015389	8	0
40.323	0.000	0.001014246	21	0
41.935	0.000	0.001014256	7	0
43.548	0.000	0.001013425	31	0
45.161	0.000	0.001013224	31	0
46.774	0.000	0.001013254	31	0
48.387	0.000	0.001013014	31	0
50.000	0.000	0.001012814	31	0
0.000	-0.400	0.001012493	31	0
0.000	-0.397	0.001012493	31	0
0.000	-0.394	0.001012603	31	0
0.000	-0.391	0.001012533	31	0
0.000	-0.387	0.001012192	31	0
0.000	-0.384	0.001011982	31	0
0.000	-0.381	0.001012203	31	0
0.000	-0.378	0.001011802	31	0
0.000	-0.375	0.001012213	31	0
0.000	-0.372	0.001012162	31	0
0.000	-0.369	0.001011761	31	0
0.000	-0.365	0.001011782	31	0
0.000	-0.362	0.001012072	31	0
0.000	-0.359	0.001011982	31	0
0.000	-0.356	0.001011812	31	0
0.000	-0.353	0.001011451	31	0
0.000	-0.350	0.001011441	31	0
0.000	-0.346	0.001008335	31	0
0.000	-0.343	0.001011371	31	0
0.000	-0.340	0.001010870	31	0
0.000	-0.337	0.001010870	31	0
0.000	-0.334	0.001010810	31	0
0.000	-0.331	0.001011371	31	0
0.000	-0.328	0.001010960	31	0
0.000	-0.324	0.001010780	31	0
0.000	-0.321	0.001010710	31	0
0.000	-0.318	0.001010760	31	0
0.000	-0.315	0.001011070	31	0
0.000	-0.312	0.001011261	31	0
0.000	-0.309	0.001011000	31	0
0.000	-0.306	0.001011161	31	0
0.000	-0.302	0.001011031	31	0
0.000	-0.299	0.001011251	31	0
0.000	-0.296	0.001011291	31	0
0.000	-0.293	0.001011051	31	0
0.000	-0.290	0.001010910	31	0
0.000	-0.287	0.001010971	31	0
0.000	-0.283	0.001011161	31	0
0.000	-0.280	0.001011180	31	0
0.000	-0.277	0.001010570	31	0
0.000	-0.274	0.001010429	31	0
0.000	-0.271	0.001010590	31	0
0.000	-0.268	0.001010820	31	0
0.000	-0.265	0.001010810	31	0
0.000	-0.261	0.001010440	31	0
0.000	-0.258	0.001010579	31	0
0.000	-0.255	0.001010369	31	0
0.000	-0.252	0.001011161	31	0
0.000	-0.249	0.001010770	31	0
0.000	-0.246	0.001010970	31	0
0.000	-0.243	0.001010449	31	0
0.000	-0.239	0.001010560	31	0
0.000	-0.236	0.001011111	31	0
0.000	-0.233	0.001010770	31	0
0.000	-0.230	0.001010429	31	0
0.000	-0.227	0.001010580	31	0
0.000	-0.224	0.001010559	31	0
0.000	-0.220	0.001011171	31	0
0.000	-0.217	0.001010379	31	0
0.000	-0.214	0.001010570	31	0
0.000	-0.211	0.001010570	31	0
0.000	-0.208	0.001011181	31	0
0.000	-0.205	0.001011070	31	0
0.000	-0.202	0.001010369	25	0
0.000	-0.198	0.001010970	21	0
0.000	-0.195	0.001010790	29	0
0.000	-0.192	0.001010840	8	0
0.000	-0.189	0.001010750	21	0
0.000	-0.186	0.001010769	17	0
0.000	-0.183	0.001010860	6	0
0.000	-0.180	0.001010951	7	0
0.000	-0.176	0.001010960	12	0
0.000	-0.173	0.001010660	6	0
0.000	-0.170	0.001010659	5	0
0.000	-0.167	1.002072024	9	0
0.000	-0.164	1.002079357	5	0
0.000	-0.161	1.002083997	5	0
0.000	-0.157	1.002082835	10	0
0.000	-0.154	1.002083816	5	0
0.000	-0.151	1.002082394	8	0
0.000	-0.148	1.002082073	8	0
0.000	-0.145	1.002085820	9	0
0.000	-0.142	1.006191740	3	1
0.000	-0.139	1.006190938	1	1
0.000	-0.135	1.006189686	0	1
0.000	-0.132	1.006189966	0	1
0.000	-0.129	1.006195456	0	1
0.000	-0.126	1.006188183	0	1
0.000	-0.123	1.006207239	0	1
0.000	-0.120	1.006186590	0	1
0.000	-0.117	1.006192731	0	1
0.000	-0.113	1.006190808	0	1
0.000	-0.110	1.006194344	0	1
0.000	-0.107	1.006191759	0	1
0.000	-0.104	1.006184596	0	1
0.000	-0.101	1.006190396	0	1
0.000	-0.098	1.006193012	0	1
0.000	-0.094	1.006190638	0	1
0.000	-0.091	1.006191960	0	1
0.000	-0.088	1.006188333	0	1
0.000	-0.085	1.006183935	0	1
0.000	-0.082	1.006193162	0	1
0.000	-0.079	1.006192230	0	1
0.000	-0.076	1.006189396	0	1
0.000	-0.072	1.006189005	0	1
0.000	-0.069	1.006197620	0	1
0.000	-0.066	1.006191208	0	1
0.000	-0.063	1.006189595	0	1
0.000	-0.060	1.006190387	0	1
0.000	-0.057	1.006187250	0	1
0.000	-0.054	1.006186850	0	1
0.000	-0.050	1.006189585	0	1
0.000	-0.047	1.006205666	0	1
0.000	-0.044	1.006190948	0	1
0.000	-0.041	1.006207699	0	1
0.000	-0.038	1.006147405	0	1
0.000	-0.035	1.006181770	0	1
0.000	-0.031	1.006190196	0	1
0.000	-0.028	1.006190517	0	1
0.000	-0.025	1.006184746	0	1
0.000	-0.022	1.006188963	0	1
0.000	-0.019	1.006188392	0	1
0.000	-0.016	1.006187421	0	1
0.000	-0.013	1.006189234	0	1
0.000	-0.009	1.006190456	0	1
0.000	-0.006	1.006189245	0	1
0.000	-0.003	1.006188784	0	1
0.000	0.003	1.006190827	0	1
0.000	0.006	1.006189635	0	1
0.000	0.009	1.006193603	0	1
0.000	0.013	1.006193182	0	1
0.000	0.016	1.006187001	0	1
0.000	0.019	1.006188363	0	1
0.000	0.022	1.006195177	0	1
0.000	0.025	1.006192521	0	1
0.000	0.028	1.006186359	0	1
0.000	0.031	1.006190487	0	1
0.000	0.035	1.006186640	0	1
0.000	0.038	1.006188773	0	1
0.000	0.041	1.006192211	0	1
0.000	0.044	1.006189285	0	1
0.000	0.047	1.006190096	0	1
0.000	0.050	1.006186829	0	1
0.000	0.054	1.006186960	0	1
0.000	0.057	1.006185578	0	1
0.000	0.060	1.006186419	0	1
0.000	0.063	1.006186219	0	1
0.000	0.066	1.006185357	0	1
0.000	0.069	1.006178313	0	1
0.000	0.072	1.006187541	0	1
0.000	0.076	1.006189275	0	1
0.000	0.079	1.006190257	0	1
0.000	0.082	1.006189336	0	1
0.000	0.085	1.006186529	0	1
0.000	0.088	1.006187873	0	1
0.000	0.091	1.006189475	0	1
0.000	0.094	1.006187601	0	1
0.000	0.098	1.006186399	0	1
0.000	0.101	1.006188814	0	1
0.000	0.104	1.006187030	0	1
0.000	0.107	1.006185668	0	1
0.000	0.110	1.006188974	0	1
0.000	0.113	1.006185668	0	1
0.000	0.117	1.006071842	0	1
0.000	0.120	1.006177062	0	1
0.000	0.123	1.006162032	0	1
0.000	0.126	1.006192170	0	1
0.000	0.129	1.002091170	5	0
0.000	0.132	1.002097172	5	0
0.000	0.135	1.002085570	6	0
0.000	0.139	1.002091752	13	0
0.000	0.142	1.002090169	5	0
0.000	0.145	1.002090349	6	0
0.000	0.148	1.002084769	6	0
0.000	0.151	1.002084959	8	0
0.000	0.154	1.002085279	6	0
0.000	0.157	1.002085118	6	0
0.000	0.161	0.001015439	8	0
0.000	0.164	0.001014668	7	0
0.000	0.167	0.001014236	10	0
0.000	0.170	0.001014427	8	0
0.000	0.173	0.001014086	5	0
0.000	0.176	0.001013415	8	0
0.000	0.180	0.001013255	9	0
0.000	0.183	0.001013305	15	0
0.000	0.186	0.001012693	7	0
0.000	0.189	0.001012613	9	0
0.000	0.192	0.001012493	29	0
0.000	0.195	0.001012433	19	0
0.000	0.198	0.001012663	31	0
0.000	0.202	0.001013835	31	0
0.000	0.205	0.001012142	31	0
0.000	0.208	0.001012122	31	0
0.000	0.211	0.001011992	31	0
0.000	0.214	0.001011792	31	0
0.000	0.217	0.001011942	31	0
0.000	0.220	0.001012032	31	0
0.000	0.224	0.001011832	31	0
0.000	0.227	0.001011601	31	0
0.000	0.230	0.001011491	31	0
0.000	0.233	0.001011872	31	0
0.000	0.236	0.001011461	31	0
0.000	0.239	0.001011431	31	0
0.000	0.243	0.001011592	31	0
0.000	0.246	0.001011290	31	0
0.000	0.249	0.001011612	31	0
0.000	0.252	0.001011221	31	0
0.000	0.255	0.001011190	31	0
0.000	0.258	0.001011371	31	0
0.000	0.261	0.001011211	31	0
0.000	0.265	0.001011471	31	0
0.000	0.268	0.001011070	31	0
0.000	0.271	0.001011060	31	0
0.000	0.274	0.001011170	31	0
0.000	0.277	0.001011001	31	0
0.000	0.280	0.001011401	31	0
0.000	0.283	0.001011061	31	0
0.000	0.287	0.001011051	31	0
0.000	0.290	0.001011000	31	0
0.000	0.293	0.001011000	31	0
0.000	0.296	0.001010990	31	0
0.000	0.299	0.001010970	31	0
0.000	0.302	0.001011070	31	0
0.000	0.306	0.001011080	31	0
0.000	0.309	0.001010860	31	0
0.000	0.312	0.001011170	31	0
0.000	0.315	0.001011180	31	0
0.000	0.318	0.001011000	31	0
0.000	0.321	0.001010990	31	0
0.000	0.324	0.001011842	31	0
0.000	0.328	0.001010870	31	0
0.000	0.331	0.001010880	31	0
0.000	0.334	0.001010991	31	0
0.000	0.337	0.001010900	31	0
0.000	0.340	0.001011792	31	0
0.000	0.343	0.001010800	31	0
0.000	0.346	0.001010820	31	0
0.000	0.350	0.001010811	31	0
0.000	0.353	0.001010830	31	0
0.000	0.356	0.001011391	31	0
0.000	0.359	0.001010780	31	0
0.000	0.362	0.001010790	31	0
0.000	0.365	0.001010840	31	0
0.000	0.369	0.001010820	31	0
0.000	0.372	0.001011251	31	0
0.000	0.375	0.001011070	31	0
0.000	0.378	0.001011001	31	0
0.000	0.381	0.001010670	31	0
0.000	0.384	0.001010831	31	0
0.000	0.387	0.001010670	31	0
0.000	0.391	0.001011110	31	0
0.000	0.394	0.001010820	31	0
0.000	0.397	0.001010780	31	0
0.000	0.400	0.001010840	31	0
