Vendor ID: 0x1344
Device ID: 0x51bb
Lane: 2
Time (%UI)	Voltage (V)	Duration (s)	Count	Pass
-40.000	0.000	1.006180097	0	1
-37.500	0.000	1.008203650	0	1
-35.000	0.000	1.006171341	0	1
-32.500	0.000	1.008203580	0	1
-30.000	0.000	0.001014006	31	0
-27.500	0.000	0.001013414	24	0
-25.000	0.000	0.003037390	9	0
-22.500	0.000	0.003037599	5	0
-20.000	0.000	0.003036428	5	0
-17.500	0.000	1.004107340	5	0
-15.000	0.000	1.008203200	1	1
-12.500	0.000	1.008206487	0	1
-10.000	0.000	1.008207028	0	1
-7.500	0.000	1.008205885	0	1
-5.000	0.000	1.006179556	0	1
-2.500	0.000	1.008202479	0	1
2.500	0.000	1.008203029	0	1
5.000	0.000	1.008206106	0	1
7.500	0.000	1.008203140	0	1
10.000	0.000	1.008204122	0	1
12.500	0.000	1.008206727	0	1
15.000	0.000	1.008207899	0	1
17.500	0.000	1.006182481	0	1
20.000	0.000	1.006185608	0	1
22.500	0.000	1.008207277	0	1
25.000	0.000	0.003039403	5	0
27.500	0.000	0.001013395	5	0
30.000	0.000	0.003037199	5	0
32.500	0.000	0.003036287	7	0
35.000	0.000	0.001012343	24	0
37.500	0.000	0.001012183	31	0
40.000	0.000	1.008202249	0	1
0.000	-0.100	0.003039343	6	0
0.000	-0.098	1.002082434	5	0
0.000	-0.097	0.003039663	5	0
0.000	-0.095	0.003038832	6	0
0.000	-0.094	0.003037058	5	0
0.000	-0.092	0.003036788	5	0
0.000	-0.091	0.003035255	5	0
0.000	-0.089	0.003036207	5	0
0.000	-0.088	0.003034323	5	0
0.000	-0.086	1.004103532	5	0
0.000	-0.084	0.003041447	5	0
0.000	-0.083	1.002079789	5	0
0.000	-0.081	1.002084729	5	0
0.000	-0.080	1.004106840	5	0
0.000	-0.078	1.004105316	5	0
0.000	-0.077	1.004106279	5	0
0.000	-0.075	1.004105686	5	0
0.000	-0.073	1.002083456	5	0
0.000	-0.072	1.004105377	5	0
0.000	-0.070	1.002079458	5	0
0.000	-0.069	1.008206246	1	1
0.000	-0.067	1.006174025	2	1
0.000	-0.066	1.006182502	4	1
0.000	-0.064	1.008206637	0	1
0.000	-0.062	1.008211286	1	1
0.000	-0.061	1.008215693	0	1
0.000	-0.059	1.008217958	0	1
0.000	-0.058	1.008206876	0	1
0.000	-0.056	1.006174848	0	1
0.000	-0.055	1.008205104	0	1
0.000	-0.053	1.006179045	0	1
0.000	-0.052	1.006151844	0	1
0.000	-0.050	1.006180658	0	1
0.000	-0.048	1.006176399	0	1
0.000	-0.047	1.006177883	0	1
0.000	-0.045	1.008204242	0	1
0.000	-0.044	1.008201978	0	1
0.000	-0.042	1.008203941	0	1
0.000	-0.041	1.008199043	0	1
0.000	-0.039	1.008206747	0	1
0.000	-0.038	1.006180178	0	1
0.000	-0.036	1.008207337	0	1
0.000	-0.034	1.006182833	0	1
0.000	-0.033	1.006180999	0	1
0.000	-0.031	1.008203641	0	1
0.000	-0.030	1.008209392	0	1
0.000	-0.028	1.008207779	0	1
0.000	-0.027	1.008205344	0	1
0.000	-0.025	1.008200475	0	1
0.000	-0.023	1.006173564	0	1
0.000	-0.022	1.008199392	0	1
0.000	-0.020	1.008199192	0	1
0.000	-0.019	1.008197369	0	1
0.000	-0.017	1.006173074	0	1
0.000	-0.016	1.008203400	0	1
0.000	-0.014	1.008197850	0	1
0.000	-0.013	1.008201105	0	1
0.000	-0.011	1.008201557	0	1
0.000	-0.009	1.008182801	0	1
0.000	-0.008	1.008199273	0	1
0.000	-0.006	1.008200846	0	1
0.000	-0.005	1.008201327	0	1
0.000	-0.003	1.008202148	0	1
0.000	-0.002	1.006177703	0	1
0.000	0.002	1.008200124	0	1
0.000	0.003	1.008200765	0	1
0.000	0.005	1.006084465	0	1
0.000	0.006	1.008185466	0	1
0.000	0.008	1.006167342	0	1
0.000	0.009	1.008198901	0	1
0.000	0.011	1.008195896	0	1
0.000	0.013	1.006132116	0	1
0.000	0.014	1.008193281	0	1
0.000	0.016	1.006176099	0	1
0.000	0.017	1.006184506	0	1
0.000	0.019	1.008203760	0	1
0.000	0.020	1.006155982	0	1
0.000	0.022	1.006180668	0	1
0.000	0.023	1.008202939	0	1
0.000	0.025	1.006179847	0	1
0.000	0.027	1.008207608	0	1
0.000	0.028	1.006160660	0	1
0.000	0.030	1.008197079	0	1
0.000	0.031	1.008204683	0	1
0.000	0.033	1.008205123	0	1
0.000	0.034	1.006179105	0	1
0.000	0.036	1.008197650	0	1
0.000	0.038	1.008203271	0	1
0.000	0.039	1.008202940	0	1
0.000	0.041	1.008203761	0	1
0.000	0.042	1.006178143	0	1
0.000	0.044	1.006175098	0	1
0.000	0.045	1.006179997	0	1
0.000	0.047	1.008206846	0	1
0.000	0.048	1.008206065	0	1
0.000	0.050	1.008206707	0	1
0.000	0.052	1.008208750	0	1
0.000	0.053	1.008205354	0	1
0.000	0.055	1.008211206	0	1
0.000	0.056	1.008210033	0	1
0.000	0.058	1.008208691	0	1
0.000	0.059	1.008207007	0	1
0.000	0.061	1.008206025	0	1
0.000	0.062	1.008207128	0	1
0.000	0.064	1.008204012	0	1
0.000	0.066	1.008205895	0	1
0.000	0.067	1.006177903	0	1
0.000	0.069	1.008203951	0	1
0.000	0.070	1.006179867	0	1
0.000	0.072	1.008203190	0	1
0.000	0.073	1.006176962	0	1
0.000	0.075	1.008202910	1	1
0.000	0.077	1.008212888	0	1
0.000	0.078	1.008215573	1	1
0.000	0.080	1.002090019	5	0
0.000	0.081	1.004105938	5	0
0.000	0.083	1.004110636	5	0
0.000	0.084	1.004112861	5	0
0.000	0.086	1.004107831	5	0
0.000	0.088	1.004105206	5	0
0.000	0.089	1.004107820	5	0
0.000	0.091	1.002080620	5	0
0.000	0.092	0.003039403	5	0
0.000	0.094	0.003038431	5	0
0.000	0.095	0.003036087	5	0
0.000	0.097	0.003035266	5	0
0.000	0.098	1.002076232	5	0
0.000	0.100	0.003038721	5	0
