Vendor ID: 0x1987
Device ID: 0x5302
Lane: 2
Time (%UI)	Voltage (V)	Duration (s)	Count	Pass
-50.000	0.000	0.001014226	31	0
-48.387	0.000	0.001012483	31	0
-46.774	0.000	0.001012212	31	0
-45.161	0.000	0.001012172	31	0
-43.548	0.000	0.001011862	31	0
-41.935	0.000	0.001011872	31	0
-40.323	0.000	0.001011472	31	0
-38.710	0.000	0.001011321	31	0
-37.097	0.000	0.001011260	31	0
-35.484	0.000	0.001011051	31	0
-33.871	0.000	0.001011261	16	0
-32.258	0.000	0.001010981	14	0
-30.645	0.000	0.001010900	10	0
-29.032	0.000	0.001010850	7	0
-27.419	0.000	1.002073487	9	0
-25.806	0.000	1.002075912	6	0
-24.194	0.000	1.002071773	10	0
-22.581	0.000	1.006171711	0	1
-20.968	0.000	1.006168766	0	1
-19.355	0.000	1.006171362	0	1
-17.742	0.000	1.006178013	0	1
-16.129	0.000	1.006153216	0	1
-14.516	0.000	1.006172352	0	1
-12.903	0.000	1.006180999	0	1
-11.290	0.000	1.006175950	0	1
-9.677	0.000	1.006172483	0	1
-8.065	0.000	1.006151553	0	1
-6.452	0.000	1.006176030	0	1
-4.839	0.000	1.006174968	0	1
-3.226	0.000	1.006174206	0	1
-1.613	0.000	1.006174857	0	1
1.613	0.000	1.006175107	0	1
3.226	0.000	1.006173014	0	1
4.839	0.000	1.006174045	0	1
6.452	0.000	1.006174016	0	1
8.065	0.000	1.006172622	0	1
9.677	0.000	1.006169266	0	1
11.290	0.000	1.006174797	0	1
12.903	0.000	1.006173193	0	1
14.516	0.000	1.006141464	0	1
16.129	0.000	1.006170439	0	1
17.742	0.000	1.006175057	0	1
19.355	0.000	1.006170860	0	1
20.968	0.000	1.006173855	0	1
22.581	0.000	1.006154860	0	1
24.194	0.000	1.006166451	0	1
25.806	0.000	1.006169968	0	1
27.419	0.000	1.006173254	0	1
29.032	0.000	1.006174717	0	1
30.645	0.000	1.006151262	0	1
32.258	0.000	1.006170279	0	1
33.871	0.000	1.006174376	1	1
35.484	0.000	1.002028723	9	0
37.097	0.000	1.002069119	7	0
38.710	0.000	0.001013906	5	0
40.323	0.000	0.001013625	11	0
41.935	0.000	0.001012994	10	0
43.548	0.000	0.001012704	1	0
45.161	0.000	0.001012393	31	0
46.774	0.000	0.001012102	31	0
48.387	0.000	0.001013364	31	0
50.000	0.000	0.001011892	31	0
0.000	-0.500	0.001011742	31	0
0.000	-0.496	0.001011441	31	0
0.000	-0.492	0.001011110	31	0
0.000	-0.488	0.001011091	31	0
0.000	-0.484	0.001011101	31	0
0.000	-0.480	0.001011051	31	0
0.000	-0.476	0.001011110	31	0
0.000	-0.472	0.001010911	31	0
0.000	-0.469	0.001011020	31	0
0.000	-0.465	0.001010760	31	0
0.000	-0.461	0.001010670	31	0
0.000	-0.457	0.001010800	31	0
0.000	-0.453	0.001010619	31	0
0.000	-0.449	0.001010639	31	0
0.000	-0.445	0.001010569	31	0
0.000	-0.441	0.001010629	31	0
0.000	-0.437	0.001010539	31	0
0.000	-0.433	0.001010619	31	0
0.000	-0.429	0.001007434	31	0
0.000	-0.425	0.001009988	31	0
0.000	-0.421	0.001009898	31	0
0.000	-0.417	0.001010059	31	0
0.000	-0.413	0.001010149	31	0
0.000	-0.409	0.001010029	31	0
0.000	-0.406	0.001009989	31	0
0.000	-0.402	0.001009858	31	0
0.000	-0.398	0.001010018	31	0
0.000	-0.394	0.001010109	31	0
0.000	-0.390	0.001010138	31	0
0.000	-0.386	0.001009978	31	0
0.000	-0.382	0.001010900	31	0
0.000	-0.378	0.001010199	31	0
0.000	-0.374	0.001010099	31	0
0.000	-0.370	0.001010129	31	0
0.000	-0.366	0.001010720	31	0
0.000	-0.362	0.001011101	31	0
0.000	-0.358	0.001010038	31	0
0.000	-0.354	0.001010048	31	0
0.000	-0.350	0.001010039	31	0
0.000	-0.346	0.001009708	31	0
0.000	-0.343	0.001010920	31	0
0.000	-0.339	0.001009438	31	0
0.000	-0.335	0.001009538	31	0
0.000	-0.331	0.001009758	31	0
0.000	-0.327	0.001009658	31	0
0.000	-0.323	0.001010289	31	0
0.000	-0.319	0.001009437	31	0
0.000	-0.315	0.001009618	31	0
0.000	-0.311	0.001009538	31	0
0.000	-0.307	0.001009658	31	0
0.000	-0.303	0.001009428	31	0
0.000	-0.299	0.001009617	31	0
0.000	-0.295	0.001009637	31	0
0.000	-0.291	0.001009788	31	0
0.000	-0.287	0.001009748	31	0
0.000	-0.283	0.001009487	31	0
0.000	-0.280	0.001009557	31	0
0.000	-0.276	0.001009628	31	0
0.000	-0.272	0.001009378	31	0
0.000	-0.268	0.001009257	31	0
0.000	-0.264	0.001009207	31	0
0.000	-0.260	0.001009167	31	0
0.000	-0.256	0.001009297	31	0
0.000	-0.252	0.001009277	31	0
0.000	-0.248	0.001009187	31	0
0.000	-0.244	0.001009818	31	0
0.000	-0.240	0.001009828	31	0
0.000	-0.236	0.001009949	31	0
0.000	-0.232	0.001009838	31	0
0.000	-0.228	0.001009878	31	0
0.000	-0.224	0.001011661	31	0
0.000	-0.220	0.001009637	31	0
0.000	-0.217	0.001009678	31	0
0.000	-0.213	0.001009849	31	0
0.000	-0.209	0.001010569	19	0
0.000	-0.205	0.001009888	27	0
0.000	-0.201	0.001009819	27	0
0.000	-0.197	0.001009818	11	0
0.000	-0.193	0.001009728	6	0
0.000	-0.189	0.001009478	6	0
0.000	-0.185	0.001009637	5	0
0.000	-0.181	0.001009447	7	0
0.000	-0.177	0.001009587	5	0
0.000	-0.173	0.001009618	5	0
0.000	-0.169	0.001009738	11	0
0.000	-0.165	0.001010068	5	0
0.000	-0.161	1.002073768	8	0
0.000	-0.157	1.002077565	6	0
0.000	-0.154	1.002077875	7	0
0.000	-0.150	1.002079839	7	0
0.000	-0.146	1.002079849	6	0
0.000	-0.142	1.002079117	7	0
0.000	-0.138	1.006179566	2	1
0.000	-0.134	1.006176290	1	1
0.000	-0.130	1.006175518	0	1
0.000	-0.126	1.006172363	0	1
0.000	-0.122	1.006128549	0	1
0.000	-0.118	1.006170139	0	1
0.000	-0.114	1.006171240	0	1
0.000	-0.110	1.006170840	0	1
0.000	-0.106	1.006169698	0	1
0.000	-0.102	1.006169707	0	1
0.000	-0.098	1.006171150	0	1
0.000	-0.094	1.006168895	0	1
0.000	-0.091	1.006169909	0	1
0.000	-0.087	1.006170409	0	1
0.000	-0.083	1.006172854	0	1
0.000	-0.079	1.006165871	0	1
0.000	-0.075	1.006161653	0	1
0.000	-0.071	1.006168305	0	1
0.000	-0.067	1.006164127	0	1
0.000	-0.063	1.006170188	0	1
0.000	-0.059	1.006173605	0	1
0.000	-0.055	1.006169426	0	1
0.000	-0.051	1.006173074	0	1
0.000	-0.047	1.006172783	0	1
0.000	-0.043	1.006171401	0	1
0.000	-0.039	1.006170078	0	1
0.000	-0.035	1.006170609	0	1
0.000	-0.031	1.006171932	0	1
0.000	-0.028	1.006171331	0	1
0.000	-0.024	1.006169047	0	1
0.000	-0.020	1.006170529	0	1
0.000	-0.016	1.006144890	0	1
0.000	-0.012	1.006168925	0	1
0.000	-0.008	1.006178965	0	1
0.000	-0.004	1.006186249	0	1
0.000	0.004	1.006167032	0	1
0.000	0.008	1.006172834	0	1
0.000	0.012	1.006178886	0	1
0.000	0.016	1.006173265	0	1
0.000	0.020	1.006173786	0	1
0.000	0.024	1.006175398	0	1
0.000	0.028	1.006177172	0	1
0.000	0.031	1.006173866	0	1
0.000	0.035	1.006109693	0	1
0.000	0.039	1.006200426	0	1
0.000	0.043	1.006182862	0	1
0.000	0.047	1.006188323	0	1
0.000	0.051	1.006190787	0	1
0.000	0.055	1.006189626	0	1
0.000	0.059	1.006187882	0	1
0.000	0.063	1.006191690	0	1
0.000	0.067	1.006192641	0	1
0.000	0.071	1.006193041	0	1
0.000	0.075	1.006176491	0	1
0.000	0.079	1.006194264	0	1
0.000	0.083	1.006187201	0	1
0.000	0.087	1.006192501	0	1
0.000	0.091	1.006195466	0	1
0.000	0.094	1.006176480	0	1
0.000	0.098	1.006191999	0	1
0.000	0.102	1.006207659	0	1
0.000	0.106	1.006189996	0	1
0.000	0.110	1.006192832	0	1
0.000	0.114	1.006182041	0	1
0.000	0.118	1.006188173	0	1
0.000	0.122	1.006186950	0	1
0.000	0.126	1.006190458	0	1
0.000	0.130	1.006191299	0	1
0.000	0.134	1.006189886	0	1
0.000	0.138	1.006190568	3	1
0.000	0.142	1.006198572	3	1
0.000	0.146	1.002092433	6	0
0.000	0.150	1.002085219	6	0
0.000	0.154	1.002087594	5	0
0.000	0.157	1.002093344	5	0
0.000	0.161	1.002086401	9	0
0.000	0.165	1.002090169	11	0
0.000	0.169	1.002085810	7	0
0.000	0.173	1.002085871	8	0
0.000	0.177	0.001014437	5	0
0.000	0.181	0.001013635	7	0
0.000	0.185	0.001013275	6	0
0.000	0.189	0.001013395	12	0
0.000	0.193	0.001012964	5	0
0.000	0.197	0.001012824	6	0
0.000	0.201	0.001012614	6	0
0.000	0.205	0.001012343	13	0
0.000	0.209	0.001012093	2	0
0.000	0.213	0.001012082	8	0
0.000	0.217	0.001011892	31	0
0.000	0.220	0.001011892	31	0
0.000	0.224	0.001011712	31	0
0.000	0.228	0.001011602	31	0
0.000	0.232	0.001011712	31	0
0.000	0.236	0.001011572	31	0
0.000	0.240	0.001010950	31	0
0.000	0.244	0.001010910	31	0
0.000	0.248	0.001011130	31	0
0.000	0.252	0.001010810	31	0
0.000	0.256	0.001010770	31	0
0.000	0.260	0.001010759	31	0
0.000	0.264	0.001010450	31	0
0.000	0.268	0.001010890	31	0
0.000	0.272	0.001010609	31	0
0.000	0.276	0.001010559	31	0
0.000	0.280	0.001011442	31	0
0.000	0.283	0.001010429	31	0
0.000	0.287	0.001010539	31	0
0.000	0.291	0.001010409	31	0
0.000	0.295	0.001010399	31	0
0.000	0.299	0.001011321	31	0
0.000	0.303	0.001010299	31	0
0.000	0.307	0.001010229	31	0
0.000	0.311	0.001010309	31	0
0.000	0.315	0.001010279	31	0
0.000	0.319	0.001011191	31	0
0.000	0.323	0.001010108	31	0
0.000	0.327	0.001010148	31	0
0.000	0.331	0.001010189	31	0
0.000	0.335	0.001010259	31	0
0.000	0.339	0.001011060	31	0
0.000	0.343	0.001010218	31	0
0.000	0.346	0.001010119	31	0
0.000	0.350	0.001010209	31	0
0.000	0.354	0.001010209	31	0
0.000	0.358	0.001010269	31	0
0.000	0.362	0.001010049	31	0
0.000	0.366	0.001010039	31	0
0.000	0.370	0.001010229	31	0
0.000	0.374	0.001010169	31	0
0.000	0.378	0.001010099	31	0
0.000	0.382	0.001010038	31	0
0.000	0.386	0.001010009	31	0
0.000	0.390	0.001010409	31	0
0.000	0.394	0.001010159	31	0
0.000	0.398	0.001010229	31	0
0.000	0.402	0.001009998	31	0
0.000	0.406	0.001009959	31	0
0.000	0.409	0.001010049	31	0
0.000	0.413	0.001010049	31	0
0.000	0.417	0.001010048	31	0
0.000	0.421	0.001010049	31	0
0.000	0.425	0.001009998	31	0
0.000	0.429	0.001009978	31	0
0.000	0.433	0.001010018	31	0
0.000	0.437	0.001010078	31	0
0.000	0.441	0.001009908	31	0
0.000	0.445	0.001009918	31	0
0.000	0.449	0.001009999	31	0
0.000	0.453	0.001009818	31	0
0.000	0.457	0.001010058	31	0
0.000	0.461	0.001010018	31	0
0.000	0.465	0.001009948	31	0
0.000	0.469	0.001010028	31	0
0.000	0.472	0.001010018	31	0
0.000	0.476	0.001010028	31	0
0.000	0.480	0.001009758	31	0
0.000	0.484	0.001009898	31	0
0.000	0.488	0.001009969	31	0
0.000	0.492	0.001009999	31	0
0.000	0.496	0.001010149	31	0
0.000	0.500	0.001009989	31	0
