Vendor ID: 0x1022
Device ID: 0x153e
Lane: 3
Time (%UI)	Voltage (V)	Duration (s)	Count	Pass
-25.000	0.000	1.002081663	5	0
-23.438	0.000	1.006178433	1	1
-21.875	0.000	1.006178484	0	1
-20.312	0.000	1.006181169	0	1
-18.750	0.000	1.006177923	0	1
-17.188	0.000	1.006181730	0	1
-15.625	0.000	1.006177432	0	1
-14.062	0.000	1.006184025	0	1
-12.500	0.000	1.006180478	0	1
-10.938	0.000	1.006180748	0	1
-9.375	0.000	1.006160290	0	1
-7.812	0.000	1.006174827	0	1
-6.250	0.000	1.006176040	0	1
-4.688	0.000	1.006181479	0	1
-3.125	0.000	1.006178153	0	1
-1.562	0.000	1.006177833	0	1
1.562	0.000	1.006178424	0	1
3.125	0.000	1.006178665	0	1
4.688	0.000	1.006100527	0	1
6.250	0.000	1.006172463	0	1
7.812	0.000	1.006176390	0	1
9.375	0.000	1.006176601	0	1
10.938	0.000	1.006186880	0	1
12.500	0.000	1.006129632	0	1
14.062	0.000	1.006178113	0	1
15.625	0.000	1.006146383	1	1
17.188	0.000	1.006179125	2	1
18.750	0.000	1.002095870	5	0
20.312	0.000	1.002084348	5	0
21.875	0.000	1.002082645	5	0
23.438	0.000	1.002088185	5	0
25.000	0.000	1.002098204	5	0
0.000	-0.130	1.002081332	5	0
0.000	-0.126	1.002076101	5	0
0.000	-0.121	1.002078587	5	0
0.000	-0.117	1.002082324	5	0
0.000	-0.112	1.002081693	5	0
0.000	-0.108	1.002067726	5	0
0.000	-0.103	1.006156473	3	1
0.000	-0.099	1.006181680	0	1
0.000	-0.094	1.006159798	0	1
0.000	-0.090	1.006182282	0	1
0.000	-0.085	1.006185788	0	1
0.000	-0.081	1.006178505	0	1
0.000	-0.076	1.006184695	0	1
0.000	-0.072	1.006184917	0	1
0.000	-0.067	1.006185337	0	1
0.000	-0.063	1.006185297	0	1
0.000	-0.058	1.006178905	0	1
0.000	-0.054	1.006186029	0	1
0.000	-0.049	1.006183253	0	1
0.000	-0.045	1.006184666	0	1
0.000	-0.040	1.006207880	0	1
0.000	-0.036	1.006180398	0	1
0.000	-0.031	1.006182402	0	1
0.000	-0.027	1.006184274	0	1
0.000	-0.022	1.006181089	0	1
0.000	-0.018	1.006177262	0	1
0.000	-0.013	1.006180478	0	1
0.000	-0.009	1.006177933	0	1
0.000	-0.004	1.006179386	0	1
0.000	0.004	1.006181229	0	1
0.000	0.009	1.006186920	0	1
0.000	0.013	1.006183022	0	1
0.000	0.018	1.006185106	0	1
0.000	0.022	1.006185086	0	1
0.000	0.027	1.006185999	0	1
0.000	0.031	1.006185497	0	1
0.000	0.036	1.006183674	0	1
0.000	0.040	1.006182091	0	1
0.000	0.045	1.006183012	0	1
0.000	0.049	1.006182572	0	1
0.000	0.054	1.006182842	0	1
0.000	0.058	1.006183274	0	1
0.000	0.063	1.006184195	0	1
0.000	0.067	1.006183284	0	1
0.000	0.072	1.006183814	0	1
0.000	0.076	1.006184767	0	1
0.000	0.081	1.006186610	0	1
0.000	0.085	1.006187552	0	1
0.000	0.090	1.006186019	0	1
0.000	0.094	1.006183404	3	1
0.000	0.099	1.002082043	5	0
0.000	0.103	1.002085660	5	0
0.000	0.108	1.002084448	5	0
0.000	0.112	1.002081352	5	0
0.000	0.117	1.002080631	5	0
0.000	0.121	1.002079608	5	0
0.000	0.126	1.002081542	5	0
0.000	0.130	1.002080581	5	0
