Vendor ID: 0x1344
Device ID: 0x51c3
Lane: 1
Time (%UI)	Voltage (V)	Duration (s)	Count	Pass
-50.000	0.000	0.001013866	31	0
-48.438	0.000	0.001012854	31	0
-46.875	0.000	0.001012934	31	0
-45.312	0.000	0.001012724	31	0
-43.750	0.000	0.001012183	31	0
-42.188	0.000	0.001011912	31	0
-40.625	0.000	0.001011932	31	0
-39.062	0.000	0.001011802	31	0
-37.500	0.000	0.001011551	31	0
-35.938	0.000	0.001011461	31	0
-34.375	0.000	0.001011431	31	0
-32.812	0.000	0.001011962	31	0
-31.250	0.000	0.001011201	31	0
-29.688	0.000	0.001011151	21	0
-28.125	0.000	0.001011111	7	0
-26.562	0.000	1.002077675	31	0
-25.000	0.000	1.006182221	3	1
-23.438	0.000	1.006182261	0	1
-21.875	0.000	1.006176661	0	1
-20.312	0.000	1.006177141	0	1
-18.750	0.000	1.006176439	0	1
-17.188	0.000	1.006176401	0	1
-15.625	0.000	1.006176360	0	1
-14.062	0.000	1.006174055	0	1
-12.500	0.000	1.006174146	0	1
-10.938	0.000	1.006168746	0	1
-9.375	0.000	1.006180978	0	1
-7.812	0.000	1.006181360	0	1
-6.250	0.000	1.006176941	0	1
-4.688	0.000	1.006174597	0	1
-3.125	0.000	1.006177432	0	1
-1.562	0.000	1.006175108	0	1
1.562	0.000	1.006174748	0	1
3.125	0.000	1.006174907	0	1
4.688	0.000	1.006157474	0	1
6.250	0.000	1.006175108	0	1
7.812	0.000	1.006177102	0	1
9.375	0.000	1.006178023	0	1
10.938	0.000	1.006177742	0	1
12.500	0.000	1.006178964	0	1
14.062	0.000	1.002079559	6	0
15.625	0.000	1.002083487	8	0
17.188	0.000	1.002083576	31	0
18.750	0.000	1.002080039	31	0
20.312	0.000	1.002080971	31	0
21.875	0.000	0.001012103	6	0
23.438	0.000	0.001011582	1	0
25.000	0.000	0.001011652	30	0
26.562	0.000	0.001011421	31	0
28.125	0.000	0.001011391	31	0
29.688	0.000	0.001011220	31	0
31.250	0.000	0.001010369	31	0
32.812	0.000	0.001010239	31	0
34.375	0.000	0.001010700	31	0
35.938	0.000	0.001010870	31	0
37.500	0.000	0.001011171	31	0
39.062	0.000	0.001010900	31	0
40.625	0.000	0.001011281	31	0
42.188	0.000	0.001010599	31	0
43.750	0.000	0.001010850	31	0
45.312	0.000	0.001010580	31	0
46.875	0.000	0.001010539	31	0
48.438	0.000	0.001010589	31	0
50.000	0.000	0.001010470	31	0
0.000	-0.380	0.001010379	31	0
0.000	-0.377	0.001010940	31	0
0.000	-0.374	0.001011101	31	0
0.000	-0.371	0.001010619	31	0
0.000	-0.368	0.001010619	31	0
0.000	-0.365	0.001010529	31	0
0.000	-0.362	0.001010229	31	0
0.000	-0.359	0.001011100	31	0
0.000	-0.356	0.001010499	31	0
0.000	-0.353	0.001010479	31	0
0.000	-0.350	0.001010119	31	0
0.000	-0.347	0.001010098	31	0
0.000	-0.344	0.001010850	31	0
0.000	-0.341	0.001010400	31	0
0.000	-0.338	0.001010319	31	0
0.000	-0.335	0.001010069	31	0
0.000	-0.332	0.001010078	31	0
0.000	-0.329	0.001011151	31	0
0.000	-0.326	0.001010430	31	0
0.000	-0.323	0.001010189	31	0
0.000	-0.320	0.001010329	31	0
0.000	-0.317	0.001010249	31	0
0.000	-0.314	0.001009949	31	0
0.000	-0.311	0.001009938	31	0
0.000	-0.308	0.001010218	31	0
0.000	-0.305	0.001009949	31	0
0.000	-0.302	0.001009979	31	0
0.000	-0.299	0.001009888	31	0
0.000	-0.296	0.001010249	31	0
0.000	-0.293	0.001010339	31	0
0.000	-0.290	0.001009898	31	0
0.000	-0.287	0.001009999	31	0
0.000	-0.284	0.001010139	31	0
0.000	-0.281	0.001010179	31	0
0.000	-0.278	0.001010219	31	0
0.000	-0.275	0.001010048	31	0
0.000	-0.272	0.001009788	31	0
0.000	-0.269	0.001010169	31	0
0.000	-0.266	0.001009998	31	0
0.000	-0.263	0.001009928	31	0
0.000	-0.260	0.001009818	31	0
0.000	-0.257	0.001010048	31	0
0.000	-0.254	0.001009798	31	0
0.000	-0.251	0.001010029	31	0
0.000	-0.248	0.001010009	31	0
0.000	-0.245	0.001010309	31	0
0.000	-0.242	0.001009788	31	0
0.000	-0.239	0.001007103	31	0
0.000	-0.236	0.001006993	31	0
0.000	-0.233	0.001053761	31	0
0.000	-0.230	0.001013675	31	0
0.000	-0.227	0.001012974	31	0
0.000	-0.224	0.001012794	31	0
0.000	-0.221	0.001012273	31	0
0.000	-0.218	0.001012113	31	0
0.000	-0.215	0.001011811	31	0
0.000	-0.212	0.001011772	31	0
0.000	-0.209	0.001012523	31	0
0.000	-0.206	0.001011371	31	0
0.000	-0.203	0.001011451	31	0
0.000	-0.200	0.001011041	31	0
0.000	-0.197	0.001011091	31	0
0.000	-0.194	0.001010990	31	0
0.000	-0.191	0.001011030	31	0
0.000	-0.189	0.001011070	31	0
0.000	-0.186	0.001010660	31	0
0.000	-0.183	0.001010690	31	0
0.000	-0.180	0.001010810	31	0
0.000	-0.177	0.001010770	31	0
0.000	-0.174	0.001010680	31	0
0.000	-0.171	0.001010529	31	0
0.000	-0.168	0.001010329	31	0
0.000	-0.165	0.001010139	31	0
0.000	-0.162	0.001010349	31	0
0.000	-0.159	0.001010409	31	0
0.000	-0.156	0.001010199	31	0
0.000	-0.153	0.001010078	31	0
0.000	-0.150	0.001010209	31	0
0.000	-0.147	0.001010339	31	0
0.000	-0.144	0.001010219	31	0
0.000	-0.141	0.001010149	31	0
0.000	-0.138	0.001010699	31	0
0.000	-0.135	0.001009879	31	0
0.000	-0.132	0.001009928	31	0
0.000	-0.129	0.001010129	31	0
0.000	-0.126	0.001010179	31	0
0.000	-0.123	0.001010750	28	0
0.000	-0.120	0.001009888	22	0
0.000	-0.117	0.001010128	26	0
0.000	-0.114	0.001010048	5	0
0.000	-0.111	0.001009949	7	0
0.000	-0.108	1.002026237	31	0
0.000	-0.105	1.002073026	31	0
0.000	-0.102	1.002086382	31	0
0.000	-0.099	1.002079738	31	0
0.000	-0.096	1.002081252	31	0
0.000	-0.093	1.002079008	31	0
0.000	-0.090	1.002080520	19	0
0.000	-0.087	1.002083456	14	0
0.000	-0.084	1.002087033	10	0
0.000	-0.081	1.006186148	4	1
0.000	-0.078	1.006184405	0	1
0.000	-0.075	1.006180258	0	1
0.000	-0.072	1.006179466	0	1
0.000	-0.069	1.006182341	0	1
0.000	-0.066	1.006182973	0	1
0.000	-0.063	1.006179647	0	1
0.000	-0.060	1.006179525	0	1
0.000	-0.057	1.006179337	0	1
0.000	-0.054	1.006178173	0	1
0.000	-0.051	1.006177993	0	1
0.000	-0.048	1.006175398	0	1
0.000	-0.045	1.006179467	0	1
0.000	-0.042	1.006177883	0	1
0.000	-0.039	1.006178945	0	1
0.000	-0.036	1.006177813	0	1
0.000	-0.033	1.006176672	0	1
0.000	-0.030	1.006177582	0	1
0.000	-0.027	1.006185919	0	1
0.000	-0.024	1.006175859	0	1
0.000	-0.021	1.006181060	0	1
0.000	-0.018	1.006184044	0	1
0.000	-0.015	1.006179997	0	1
0.000	-0.012	1.006182211	0	1
0.000	-0.009	1.006181029	0	1
0.000	-0.006	1.006182732	0	1
0.000	-0.003	1.006178955	0	1
0.000	0.003	1.006178535	0	1
0.000	0.006	1.006189095	0	1
0.000	0.009	1.006178574	0	1
0.000	0.012	1.006176200	0	1
0.000	0.015	1.006179837	0	1
0.000	0.018	1.006176431	0	1
0.000	0.021	1.006177162	0	1
0.000	0.024	1.006178344	0	1
0.000	0.027	1.006182211	0	1
0.000	0.030	1.006179626	0	1
0.000	0.033	1.006182922	0	1
0.000	0.036	1.006185096	0	1
0.000	0.039	1.006175328	0	1
0.000	0.042	1.006175459	0	1
0.000	0.045	1.006165980	0	1
0.000	0.048	1.006118771	0	1
0.000	0.051	1.006173675	0	1
0.000	0.054	1.006174126	0	1
0.000	0.057	1.006173044	0	1
0.000	0.060	1.006172142	0	1
0.000	0.063	1.006176490	0	1
0.000	0.066	1.006174096	0	1
0.000	0.069	1.006158837	0	1
0.000	0.072	1.006171291	0	1
0.000	0.075	1.006175338	0	1
0.000	0.078	1.006171892	0	1
0.000	0.081	1.006172272	1	1
0.000	0.084	1.006178194	2	1
0.000	0.087	1.002080520	10	0
0.000	0.090	1.002076934	23	0
0.000	0.093	1.002083786	31	0
0.000	0.096	1.002079067	31	0
0.000	0.099	1.002080100	31	0
0.000	0.102	1.002078627	31	0
0.000	0.105	1.002075551	31	0
0.000	0.108	1.002076222	31	0
0.000	0.111	0.001013906	6	0
0.000	0.114	0.001014477	14	0
0.000	0.117	0.001013084	21	0
0.000	0.120	0.001046588	31	0
0.000	0.123	0.001011150	31	0
0.000	0.126	0.001006562	31	0
0.000	0.129	0.001006532	31	0
0.000	0.132	0.001006401	31	0
0.000	0.135	0.001006462	31	0
0.000	0.138	0.001006432	31	0
0.000	0.141	0.001006652	31	0
0.000	0.144	0.001006512	31	0
0.000	0.147	0.001006541	31	0
0.000	0.150	0.001006412	31	0
0.000	0.153	0.001006462	31	0
0.000	0.156	0.001006472	31	0
0.000	0.159	0.001006602	31	0
0.000	0.162	0.001007894	31	0
0.000	0.165	0.001007834	31	0
0.000	0.168	0.001007985	31	0
0.000	0.171	0.001007043	31	0
0.000	0.174	0.001006933	31	0
0.000	0.177	0.001006892	31	0
0.000	0.180	0.001006822	31	0
0.000	0.183	0.001006662	31	0
0.000	0.186	0.001006201	31	0
0.000	0.189	0.001006291	31	0
0.000	0.191	0.001006161	31	0
0.000	0.194	0.001006241	31	0
0.000	0.197	0.001006211	31	0
0.000	0.200	0.001006161	31	0
0.000	0.203	0.001006241	31	0
0.000	0.206	0.001006312	31	0
0.000	0.209	0.001006201	31	0
0.000	0.212	0.001006241	31	0
0.000	0.215	0.001006362	31	0
0.000	0.218	0.001006381	31	0
0.000	0.221	0.001006342	31	0
0.000	0.224	0.001006242	31	0
0.000	0.227	0.001006312	31	0
0.000	0.230	0.001006471	31	0
0.000	0.233	0.001006281	31	0
0.000	0.236	0.001006252	31	0
0.000	0.239	0.001006252	31	0
0.000	0.242	0.001006392	31	0
0.000	0.245	0.001006291	31	0
0.000	0.248	0.001006352	31	0
0.000	0.251	0.001006251	31	0
0.000	0.254	0.001006321	31	0
0.000	0.257	0.001006672	31	0
0.000	0.260	0.001006702	31	0
0.000	0.263	0.001006692	31	0
0.000	0.266	0.001006752	31	0
0.000	0.269	0.001006642	31	0
0.000	0.272	0.001006792	31	0
0.000	0.275	0.001006732	31	0
0.000	0.278	0.001006822	31	0
0.000	0.281	0.001006672	31	0
0.000	0.284	0.001010068	31	0
0.000	0.287	0.001006702	31	0
0.000	0.290	0.001006773	31	0
0.000	0.293	0.001006672	31	0
0.000	0.296	0.001006632	31	0
0.000	0.299	0.001006612	31	0
0.000	0.302	0.001006782	31	0
0.000	0.305	0.001006672	31	0
0.000	0.308	0.001006742	31	0
0.000	0.311	0.001006632	31	0
0.000	0.314	0.001006802	31	0
0.000	0.317	0.001006652	31	0
0.000	0.320	0.001006742	31	0
0.000	0.323	0.001006752	31	0
0.000	0.326	0.001008275	31	0
0.000	0.329	0.001011070	31	0
0.000	0.332	0.001006642	31	0
0.000	0.335	0.001006662	31	0
0.000	0.338	0.001006752	31	0
0.000	0.341	0.001006652	31	0
0.000	0.344	0.001006502	31	0
0.000	0.347	0.001006632	31	0
0.000	0.350	0.001006763	31	0
0.000	0.353	0.001006652	31	0
0.000	0.356	0.001006702	31	0
0.000	0.359	0.001006612	31	0
0.000	0.362	0.001006752	31	0
0.000	0.365	0.001006642	31	0
0.000	0.368	0.001006702	31	0
0.000	0.371	0.001006632	31	0
0.000	0.374	0.001006712	31	0
0.000	0.377	0.001006642	31	0
0.000	0.380	0.001006742	31	0
