Vendor ID: 0x1344
Device ID: 0x51bb
Lane: 3
Time (%UI)	Voltage (V)	Duration (s)	Count	Pass
-40.000	0.000	1.008192951	0	1
-37.500	0.000	1.008193521	0	1
-35.000	0.000	1.008194694	0	1
-32.500	0.000	1.008167122	0	1
-30.000	0.000	0.001009969	31	0
-27.500	0.000	0.003028352	31	0
-25.000	0.000	0.003029073	13	0
-22.500	0.000	0.003029794	5	0
-20.000	0.000	1.002072435	5	0
-17.500	0.000	1.004102891	5	0
-15.000	0.000	1.008203351	1	1
-12.500	0.000	1.008201817	0	1
-10.000	0.000	1.008174305	0	1
-7.500	0.000	1.008193492	0	1
-5.000	0.000	1.006173204	0	1
-2.500	0.000	1.006173224	0	1
2.500	0.000	1.006167744	0	1
5.000	0.000	1.008187219	0	1
7.500	0.000	1.008191618	0	1
10.000	0.000	1.006172142	0	1
12.500	0.000	1.006178154	0	1
15.000	0.000	1.006173374	0	1
17.500	0.000	1.008183843	2	1
20.000	0.000	1.004099887	5	0
22.500	0.000	1.002079849	5	0
25.000	0.000	0.003037900	5	0
27.500	0.000	0.003036628	5	0
30.000	0.000	0.003035617	15	0
32.500	0.000	0.003035355	31	0
35.000	0.000	0.001011952	31	0
37.500	0.000	1.008194053	0	1
40.000	0.000	1.006177773	0	1
0.000	-0.100	0.003038592	7	0
0.000	-0.098	0.003039133	5	0
0.000	-0.097	0.001012673	5	0
0.000	-0.095	0.003035606	7	0
0.000	-0.094	0.003034764	5	0
0.000	-0.092	0.003034243	5	0
0.000	-0.091	0.001011722	5	0
0.000	-0.089	0.003033492	5	0
0.000	-0.088	0.003034263	5	0
0.000	-0.086	0.003032630	5	0
0.000	-0.084	0.003032289	5	0
0.000	-0.083	1.004095868	5	0
0.000	-0.081	1.002079489	5	0
0.000	-0.080	1.004106568	5	0
0.000	-0.078	1.004108572	5	0
0.000	-0.077	1.004106279	5	0
0.000	-0.075	1.004105608	5	0
0.000	-0.073	1.008213249	4	1
0.000	-0.072	1.004119644	5	0
0.000	-0.070	1.006177172	3	1
0.000	-0.069	1.006175489	0	1
0.000	-0.067	1.006177271	1	1
0.000	-0.066	1.008201978	0	1
0.000	-0.064	1.008202048	0	1
0.000	-0.062	1.008199513	0	1
0.000	-0.061	1.008202839	0	1
0.000	-0.059	1.006172694	0	1
0.000	-0.058	1.008196438	0	1
0.000	-0.056	1.008199532	0	1
0.000	-0.055	1.008201606	0	1
0.000	-0.053	1.008201697	0	1
0.000	-0.052	1.008202048	0	1
0.000	-0.050	1.006173315	0	1
0.000	-0.048	1.008199913	0	1
0.000	-0.047	1.008203992	0	1
0.000	-0.045	1.008197319	0	1
0.000	-0.044	1.008198772	0	1
0.000	-0.042	1.008198320	0	1
0.000	-0.041	1.006173965	0	1
0.000	-0.039	1.008198822	0	1
0.000	-0.038	1.006132828	0	1
0.000	-0.036	1.008191247	0	1
0.000	-0.034	1.008187921	0	1
0.000	-0.033	1.006160831	0	1
0.000	-0.031	1.008186288	0	1
0.000	-0.030	1.008189064	0	1
0.000	-0.028	1.008188572	0	1
0.000	-0.027	1.006166722	0	1
0.000	-0.025	1.008188693	0	1
0.000	-0.023	1.006163064	0	1
0.000	-0.022	1.006166111	0	1
0.000	-0.020	1.008191308	0	1
0.000	-0.019	1.008188032	0	1
0.000	-0.017	1.008154298	0	1
0.000	-0.016	1.008191798	0	1
0.000	-0.014	1.008170558	0	1
0.000	-0.013	1.008189634	0	1
0.000	-0.011	1.008188352	0	1
0.000	-0.009	1.008189545	0	1
0.000	-0.008	1.008187550	0	1
0.000	-0.006	1.008174375	0	1
0.000	-0.005	1.008188743	0	1
0.000	-0.003	1.006147827	0	1
0.000	-0.002	1.008188031	0	1
0.000	0.002	1.008188874	0	1
0.000	0.003	1.008188863	0	1
0.000	0.005	1.008185917	0	1
0.000	0.006	1.008174897	0	1
0.000	0.008	1.008182972	0	1
0.000	0.009	1.006166813	0	1
0.000	0.011	1.006165770	0	1
0.000	0.013	1.008190396	0	1
0.000	0.014	1.006163104	0	1
0.000	0.016	1.008188562	0	1
0.000	0.017	1.008189734	0	1
0.000	0.019	1.008103961	0	1
0.000	0.020	1.008178453	0	1
0.000	0.022	1.006153417	0	1
0.000	0.023	1.008187641	0	1
0.000	0.025	1.008155158	0	1
0.000	0.027	1.008142815	0	1
0.000	0.028	1.008166821	0	1
0.000	0.030	1.008188663	0	1
0.000	0.031	1.008186869	0	1
0.000	0.033	1.006167684	0	1
0.000	0.034	1.008162402	0	1
0.000	0.036	1.008168184	0	1
0.000	0.038	1.008185556	0	1
0.000	0.039	1.008143387	0	1
0.000	0.041	1.008187891	0	1
0.000	0.042	1.006167613	0	1
0.000	0.044	1.008198310	0	1
0.000	0.045	1.008199343	0	1
0.000	0.047	1.008199323	0	1
0.000	0.048	1.008202569	0	1
0.000	0.050	1.008193843	0	1
0.000	0.052	1.008197098	0	1
0.000	0.053	1.008202770	0	1
0.000	0.055	1.008201667	0	1
0.000	0.056	1.006175578	0	1
0.000	0.058	1.008203260	0	1
0.000	0.059	1.008201456	0	1
0.000	0.061	1.008202840	0	1
0.000	0.062	1.008202809	0	1
0.000	0.064	1.008208440	0	1
0.000	0.066	1.006189685	0	1
0.000	0.067	1.008214241	0	1
0.000	0.069	1.008204784	0	1
0.000	0.070	1.004109204	5	0
0.000	0.072	1.008206547	2	1
0.000	0.073	1.008205905	2	1
0.000	0.075	1.004102911	5	0
0.000	0.077	1.004105466	5	0
0.000	0.078	1.004106640	5	0
0.000	0.080	1.004106348	5	0
0.000	0.081	1.002078146	5	0
0.000	0.083	1.004104995	5	0
0.000	0.084	1.004104474	5	0
0.000	0.086	0.003040536	5	0
0.000	0.088	1.004103783	5	0
0.000	0.089	0.003041086	5	0
0.000	0.091	0.003038722	5	0
0.000	0.092	1.002078917	5	0
0.000	0.094	0.003040776	5	0
0.000	0.095	0.003038842	5	0
0.000	0.097	0.003037640	6	0
0.000	0.098	0.003036838	5	0
0.000	0.100	0.003035676	5	0
