Vendor ID: 0x1987
Device ID: 0x5302
Lane: 1
Time (%UI)	Voltage (V)	Duration (s)	Count	Pass
-50.000	0.000	0.001011892	31	0
-48.387	0.000	0.001012493	31	0
-46.774	0.000	0.001011131	31	0
-45.161	0.000	0.001011051	31	0
-43.548	0.000	0.001010860	31	0
-41.935	0.000	0.001010840	31	0
-40.323	0.000	0.001011782	31	0
-38.710	0.000	0.001010800	31	0
-37.097	0.000	0.001010639	31	0
-35.484	0.000	0.001010720	31	0
-33.871	0.000	0.001010619	31	0
-32.258	0.000	0.001011742	23	0
-30.645	0.000	0.001010470	6	0
-29.032	0.000	0.001010439	6	0
-27.419	0.000	0.001013175	7	0
-25.806	0.000	1.002074940	7	0
-24.194	0.000	1.002077445	7	0
-22.581	0.000	1.006171721	2	1
-20.968	0.000	1.006172633	0	1
-19.355	0.000	1.006175148	0	1
-17.742	0.000	1.006174507	0	1
-16.129	0.000	1.006174436	0	1
-14.516	0.000	1.006171311	0	1
-12.903	0.000	1.006169117	0	1
-11.290	0.000	1.006173265	0	1
-9.677	0.000	1.006171721	0	1
-8.065	0.000	1.006169807	0	1
-6.452	0.000	1.006173875	0	1
-4.839	0.000	1.006175659	0	1
-3.226	0.000	1.006170790	0	1
-1.613	0.000	1.006169076	0	1
1.613	0.000	1.006171571	0	1
3.226	0.000	1.006170759	0	1
4.839	0.000	1.006170730	0	1
6.452	0.000	1.006168314	0	1
8.065	0.000	1.006170870	0	1
9.677	0.000	1.006169166	0	1
11.290	0.000	1.006168966	0	1
12.903	0.000	1.006172763	0	1
14.516	0.000	1.006171841	0	1
16.129	0.000	1.006169757	0	1
17.742	0.000	1.006170670	0	1
19.355	0.000	1.006173825	0	1
20.968	0.000	1.006168996	0	1
22.581	0.000	1.006171972	0	1
24.194	0.000	1.006173705	0	1
25.806	0.000	1.006171441	0	1
27.419	0.000	1.006150451	0	1
29.032	0.000	1.006168245	0	1
30.645	0.000	1.006163045	0	1
32.258	0.000	1.006170890	0	1
33.871	0.000	1.002083316	9	0
35.484	0.000	1.002087704	6	0
37.097	0.000	1.002080912	11	0
38.710	0.000	0.001013986	11	0
40.323	0.000	0.001014226	6	0
41.935	0.000	0.001012734	13	0
43.548	0.000	0.001012734	12	0
45.161	0.000	0.001012874	31	0
46.774	0.000	0.001012373	31	0
48.387	0.000	0.001013024	31	0
50.000	0.000	0.001011792	31	0
0.000	-0.500	0.001011501	31	0
0.000	-0.496	0.001011271	31	0
0.000	-0.492	0.001011532	31	0
0.000	-0.488	0.001011862	31	0
0.000	-0.484	0.001011291	31	0
0.000	-0.480	0.001011111	31	0
0.000	-0.476	0.001011571	31	0
0.000	-0.472	0.001011061	31	0
0.000	-0.469	0.001011091	31	0
0.000	-0.465	0.001010680	31	0
0.000	-0.461	0.001010900	31	0
0.000	-0.457	0.001011261	31	0
0.000	-0.453	0.001010600	31	0
0.000	-0.449	0.001010669	31	0
0.000	-0.445	0.001010559	31	0
0.000	-0.441	0.001010519	31	0
0.000	-0.437	0.001010560	31	0
0.000	-0.433	0.001010590	31	0
0.000	-0.429	0.001010119	31	0
0.000	-0.425	0.001010680	31	0
0.000	-0.421	0.001010390	31	0
0.000	-0.417	0.001010419	31	0
0.000	-0.413	0.001010359	31	0
0.000	-0.409	0.001010369	31	0
0.000	-0.406	0.001009978	31	0
0.000	-0.402	0.001010229	31	0
0.000	-0.398	0.001010580	31	0
0.000	-0.394	0.001010259	31	0
0.000	-0.390	0.001010289	31	0
0.000	-0.386	0.001010340	31	0
0.000	-0.382	0.001010169	31	0
0.000	-0.378	0.001010590	31	0
0.000	-0.374	0.001010340	31	0
0.000	-0.370	0.001010159	31	0
0.000	-0.366	0.001009979	31	0
0.000	-0.362	0.001009959	31	0
0.000	-0.358	0.001010400	31	0
0.000	-0.354	0.001010119	31	0
0.000	-0.350	0.001010149	31	0
0.000	-0.346	0.001011060	31	0
0.000	-0.343	0.001009908	31	0
0.000	-0.339	0.001010279	31	0
0.000	-0.335	0.001009948	31	0
0.000	-0.331	0.001010259	31	0
0.000	-0.327	0.001009868	31	0
0.000	-0.323	0.001009879	31	0
0.000	-0.319	0.001010219	31	0
0.000	-0.315	0.001009999	31	0
0.000	-0.311	0.001009918	31	0
0.000	-0.307	0.001009768	31	0
0.000	-0.303	0.001009978	31	0
0.000	-0.299	0.001009969	31	0
0.000	-0.295	0.001009938	31	0
0.000	-0.291	0.001010068	31	0
0.000	-0.287	0.001010530	31	0
0.000	-0.283	0.001009808	31	0
0.000	-0.280	0.001009858	31	0
0.000	-0.276	0.001009949	31	0
0.000	-0.272	0.001009828	31	0
0.000	-0.268	0.001009508	31	0
0.000	-0.264	0.001009898	31	0
0.000	-0.260	0.001009438	31	0
0.000	-0.256	0.001010289	31	0
0.000	-0.252	0.001009337	31	0
0.000	-0.248	0.001009347	31	0
0.000	-0.244	0.001009488	31	0
0.000	-0.240	0.001009918	31	0
0.000	-0.236	0.001010539	31	0
0.000	-0.232	0.001009337	31	0
0.000	-0.228	0.001009367	31	0
0.000	-0.224	0.001009508	31	0
0.000	-0.220	0.001009557	31	0
0.000	-0.217	0.001009718	31	0
0.000	-0.213	0.001009478	31	0
0.000	-0.209	0.001009237	31	0
0.000	-0.205	0.001009478	14	0
0.000	-0.201	0.001009428	20	0
0.000	-0.197	0.001010509	5	0
0.000	-0.193	0.001009377	6	0
0.000	-0.189	0.001010429	5	0
0.000	-0.185	0.001009448	7	0
0.000	-0.181	0.001009387	6	0
0.000	-0.177	0.001009347	6	0
0.000	-0.173	0.001009357	5	0
0.000	-0.169	1.002030405	10	0
0.000	-0.165	1.002075881	6	0
0.000	-0.161	1.002077926	6	0
0.000	-0.157	1.002078607	5	0
0.000	-0.154	1.002063298	8	0
0.000	-0.150	1.006185718	4	1
0.000	-0.146	1.006181320	2	1
0.000	-0.142	1.006178213	1	1
0.000	-0.138	1.006173455	0	1
0.000	-0.134	1.006174697	0	1
0.000	-0.130	1.006176500	0	1
0.000	-0.126	1.006162824	0	1
0.000	-0.122	1.006174407	0	1
0.000	-0.118	1.006176541	0	1
0.000	-0.114	1.006176311	0	1
0.000	-0.110	1.006174948	0	1
0.000	-0.106	1.006175539	0	1
0.000	-0.102	1.006175749	0	1
0.000	-0.098	1.006181910	0	1
0.000	-0.094	1.006173584	0	1
0.000	-0.091	1.006177292	0	1
0.000	-0.087	1.006175188	0	1
0.000	-0.083	1.006177963	0	1
0.000	-0.079	1.006154579	0	1
0.000	-0.075	1.006165970	0	1
0.000	-0.071	1.006119101	0	1
0.000	-0.067	1.006163997	0	1
0.000	-0.063	1.006179546	0	1
0.000	-0.059	1.006175909	0	1
0.000	-0.055	1.006175519	0	1
0.000	-0.051	1.006176350	0	1
0.000	-0.047	1.006177091	0	1
0.000	-0.043	1.006176992	0	1
0.000	-0.039	1.006176329	0	1
0.000	-0.035	1.006175399	0	1
0.000	-0.031	1.006174216	0	1
0.000	-0.028	1.006177593	0	1
0.000	-0.024	1.006176139	0	1
0.000	-0.020	1.006176951	0	1
0.000	-0.016	1.006172612	0	1
0.000	-0.012	1.006175198	0	1
0.000	-0.008	1.006171490	0	1
0.000	-0.004	1.006171149	0	1
0.000	0.004	1.006173035	0	1
0.000	0.008	1.006170479	0	1
0.000	0.012	1.006172143	0	1
0.000	0.016	1.006170790	0	1
0.000	0.020	1.006169637	0	1
0.000	0.024	1.006172212	0	1
0.000	0.028	1.006173024	0	1
0.000	0.031	1.006173244	0	1
0.000	0.035	1.006171621	0	1
0.000	0.039	1.006170068	0	1
0.000	0.043	1.006172232	0	1
0.000	0.047	1.006177202	0	1
0.000	0.051	1.006170890	0	1
0.000	0.055	1.006163455	0	1
0.000	0.059	1.006163545	0	1
0.000	0.063	1.006173575	0	1
0.000	0.067	1.006173726	0	1
0.000	0.071	1.006174938	0	1
0.000	0.075	1.006175759	0	1
0.000	0.079	1.006171841	0	1
0.000	0.083	1.006171831	0	1
0.000	0.087	1.006172923	0	1
0.000	0.091	1.006170619	0	1
0.000	0.094	1.006169066	0	1
0.000	0.098	1.006176399	0	1
0.000	0.102	1.006173906	0	1
0.000	0.106	1.006183033	0	1
0.000	0.110	1.006187160	0	1
0.000	0.114	1.006174146	0	1
0.000	0.118	1.006150621	0	1
0.000	0.122	1.006173245	0	1
0.000	0.126	1.006175219	0	1
0.000	0.130	1.006177362	0	1
0.000	0.134	1.006173996	0	1
0.000	0.138	1.006178514	0	1
0.000	0.142	1.006178615	0	1
0.000	0.146	1.006176370	0	1
0.000	0.150	1.006183052	2	1
0.000	0.154	1.002082033	5	0
0.000	0.157	1.002077414	7	0
0.000	0.161	1.002076703	6	0
0.000	0.165	1.002077755	7	0
0.000	0.169	1.002074409	7	0
0.000	0.173	1.002082012	5	0
0.000	0.177	0.001015188	5	0
0.000	0.181	0.001013605	6	0
0.000	0.185	0.001013064	8	0
0.000	0.189	0.001012634	6	0
0.000	0.193	0.001012554	7	0
0.000	0.197	0.001012263	5	0
0.000	0.201	0.001012253	13	0
0.000	0.205	0.001011822	16	0
0.000	0.209	0.001011862	7	0
0.000	0.213	0.001011621	31	0
0.000	0.217	0.001011672	31	0
0.000	0.220	0.001011361	31	0
0.000	0.224	0.001011180	31	0
0.000	0.228	0.001011061	31	0
0.000	0.232	0.001011812	31	0
0.000	0.236	0.001011040	31	0
0.000	0.240	0.001010961	31	0
0.000	0.244	0.001010850	31	0
0.000	0.248	0.001011922	31	0
0.000	0.252	0.001010830	31	0
0.000	0.256	0.001010990	31	0
0.000	0.260	0.001010830	31	0
0.000	0.264	0.001010690	31	0
0.000	0.268	0.001011431	31	0
0.000	0.272	0.001010940	31	0
0.000	0.276	0.001010660	31	0
0.000	0.280	0.001010520	31	0
0.000	0.283	0.001010329	31	0
0.000	0.287	0.001011361	31	0
0.000	0.291	0.001010168	31	0
0.000	0.295	0.001010389	31	0
0.000	0.299	0.001010389	31	0
0.000	0.303	0.001010139	31	0
0.000	0.307	0.001011060	31	0
0.000	0.311	0.001010530	31	0
0.000	0.315	0.001010560	31	0
0.000	0.319	0.001010239	31	0
0.000	0.323	0.001010068	31	0
0.000	0.327	0.001010048	31	0
0.000	0.331	0.001010039	31	0
0.000	0.335	0.001010199	31	0
0.000	0.339	0.001010359	31	0
0.000	0.343	0.001010049	31	0
0.000	0.346	0.001010419	31	0
0.000	0.350	0.001010129	31	0
0.000	0.354	0.001009979	31	0
0.000	0.358	0.001010099	31	0
0.000	0.362	0.001010089	31	0
0.000	0.366	0.001010359	31	0
0.000	0.370	0.001010009	31	0
0.000	0.374	0.001010269	31	0
0.000	0.378	0.001010139	31	0
0.000	0.382	0.001010249	31	0
0.000	0.386	0.001009889	31	0
0.000	0.390	0.001010139	31	0
0.000	0.394	0.001010269	31	0
0.000	0.398	0.001010039	31	0
0.000	0.402	0.001009858	31	0
0.000	0.406	0.001009889	31	0
0.000	0.409	0.001009868	31	0
0.000	0.413	0.001009928	31	0
0.000	0.417	0.001009869	31	0
0.000	0.421	0.001010088	31	0
0.000	0.425	0.001010059	31	0
0.000	0.429	0.001010009	31	0
0.000	0.433	0.001010018	31	0
0.000	0.437	0.001010129	31	0
0.000	0.441	0.001009778	31	0
0.000	0.445	0.001009938	31	0
0.000	0.449	0.001010159	31	0
0.000	0.453	0.001009978	31	0
0.000	0.457	0.001009808	31	0
0.000	0.461	0.001009959	31	0
0.000	0.465	0.001009808	31	0
0.000	0.469	0.001009939	31	0
0.000	0.472	0.001009979	31	0
0.000	0.476	0.001009898	31	0
0.000	0.480	0.001010760	31	0
0.000	0.484	0.001010008	31	0
0.000	0.488	0.001010099	31	0
0.000	0.492	0.001009868	31	0
0.000	0.496	0.001010108	31	0
0.000	0.500	0.001009978	31	0
