Vendor ID: 0x1b96
Device ID: 0x2751
Lane: 0
Time (%UI)	Voltage (V)	Duration (s)	Count	Pass
-40.000	0.000	0.003027210	31	0
-37.143	0.000	0.003027490	11	0
-34.286	0.000	0.003025286	6	0
-31.429	0.000	0.003026448	5	0
-28.571	0.000	1.004098533	5	0
-25.714	0.000	1.004107801	5	0
-22.857	0.000	1.008214873	0	1
-20.000	0.000	1.008212238	0	1
-17.143	0.000	1.008211375	0	1
-14.286	0.000	1.008214992	0	1
-11.429	0.000	1.008210834	0	1
-8.571	0.000	1.008213890	0	1
-5.714	0.000	1.008211927	0	1
-2.857	0.000	1.008214492	0	1
2.857	0.000	1.008220443	0	1
5.714	0.000	1.008182150	0	1
8.571	0.000	1.008206496	0	1
11.429	0.000	1.006180658	0	1
14.286	0.000	1.008212248	0	1
17.143	0.000	1.008207408	1	1
20.000	0.000	1.004105697	5	0
22.857	0.000	0.003041767	5	0
25.714	0.000	0.003040295	6	0
28.571	0.000	0.001013666	12	0
31.429	0.000	0.003039353	31	0
34.286	0.000	1.008205784	0	1
37.143	0.000	1.008193932	0	1
40.000	0.000	1.008190836	0	1
0.000	-0.120	0.003039403	6	0
0.000	-0.118	0.003037249	5	0
0.000	-0.116	0.003035466	5	0
0.000	-0.114	0.003035185	6	0
0.000	-0.112	0.003034745	5	0
0.000	-0.111	0.003033513	5	0
0.000	-0.109	0.003033482	5	0
0.000	-0.107	0.003033271	5	0
0.000	-0.105	0.003033051	5	0
0.000	-0.103	0.003034143	5	0
0.000	-0.101	0.003033492	5	0
0.000	-0.099	1.004098814	5	0
0.000	-0.098	1.004101931	5	0
0.000	-0.096	1.004108462	5	0
0.000	-0.094	1.004108172	5	0
0.000	-0.092	1.004107260	5	0
0.000	-0.090	1.004106478	5	0
0.000	-0.088	1.004107821	5	0
0.000	-0.086	1.002080400	5	0
0.000	-0.084	1.004108182	5	0
0.000	-0.082	1.008208550	2	1
0.000	-0.081	1.006186569	0	1
0.000	-0.079	1.008210203	0	1
0.000	-0.077	1.006181370	0	1
0.000	-0.075	1.008206777	0	1
0.000	-0.073	1.008204643	0	1
0.000	-0.071	1.008202568	0	1
0.000	-0.069	1.006179336	0	1
0.000	-0.068	1.008204773	0	1
0.000	-0.066	1.008202899	0	1
0.000	-0.064	1.008206406	0	1
0.000	-0.062	1.008203761	0	1
0.000	-0.060	1.008204292	0	1
0.000	-0.058	1.008204202	0	1
0.000	-0.056	1.006180097	0	1
0.000	-0.054	1.008204392	0	1
0.000	-0.052	1.006168905	0	1
0.000	-0.051	1.008199804	0	1
0.000	-0.049	1.008205374	0	1
0.000	-0.047	1.008204112	0	1
0.000	-0.045	1.008205615	0	1
0.000	-0.043	1.008206487	0	1
0.000	-0.041	1.008189955	0	1
0.000	-0.039	1.008199603	0	1
0.000	-0.037	1.008210093	0	1
0.000	-0.036	1.008208501	0	1
0.000	-0.034	1.008219712	0	1
0.000	-0.032	1.008217217	0	1
0.000	-0.030	1.008209773	0	1
0.000	-0.028	1.008212107	0	1
0.000	-0.026	1.008210594	0	1
0.000	-0.024	1.008136223	0	1
0.000	-0.022	1.008092400	0	1
0.000	-0.021	1.008091367	0	1
0.000	-0.019	1.008094223	0	1
0.000	-0.017	1.008084064	0	1
0.000	-0.015	1.006076189	0	1
0.000	-0.013	1.008091538	0	1
0.000	-0.011	1.008093362	0	1
0.000	-0.009	1.008099103	0	1
0.000	-0.007	1.008091578	0	1
0.000	-0.006	1.006074196	0	1
0.000	-0.004	1.008092290	0	1
0.000	-0.002	1.008090366	0	1
0.000	0.002	1.008090195	0	1
0.000	0.004	1.008088191	0	1
0.000	0.006	1.008090085	0	1
0.000	0.007	1.008090697	0	1
0.000	0.009	1.008088442	0	1
0.000	0.011	1.008088602	0	1
0.000	0.013	1.008095325	0	1
0.000	0.015	1.008091618	0	1
0.000	0.017	1.008088372	0	1
0.000	0.019	1.008089864	0	1
0.000	0.021	1.008093852	0	1
0.000	0.022	1.008093381	0	1
0.000	0.024	1.008093792	0	1
0.000	0.026	1.008092349	0	1
0.000	0.028	1.008097519	0	1
0.000	0.030	1.006078114	0	1
0.000	0.032	1.008092329	0	1
0.000	0.034	1.008091096	0	1
0.000	0.036	1.008088272	0	1
0.000	0.037	1.006073926	0	1
0.000	0.039	1.008090617	0	1
0.000	0.041	1.008092721	0	1
0.000	0.043	1.006073305	0	1
0.000	0.045	1.008089355	0	1
0.000	0.047	1.008091007	0	1
0.000	0.049	1.008093932	0	1
0.000	0.051	1.008091549	0	1
0.000	0.052	1.006075348	0	1
0.000	0.054	1.008096508	0	1
0.000	0.056	1.008092630	0	1
0.000	0.058	1.008091829	0	1
0.000	0.060	1.008093603	0	1
0.000	0.062	1.008093142	0	1
0.000	0.064	1.006076069	0	1
0.000	0.066	1.008093211	0	1
0.000	0.068	1.008090646	0	1
0.000	0.069	1.006074046	0	1
0.000	0.071	1.008090557	0	1
0.000	0.073	1.008089775	0	1
0.000	0.075	1.008091098	0	1
0.000	0.077	1.008090055	0	1
0.000	0.079	1.008090936	0	1
0.000	0.081	1.008088612	0	1
0.000	0.082	1.008090346	0	1
0.000	0.084	1.008093932	0	1
0.000	0.086	1.008096417	0	1
0.000	0.088	1.008093621	1	1
0.000	0.090	1.008091488	1	1
0.000	0.092	1.004047646	5	0
0.000	0.094	1.004049320	5	0
0.000	0.096	1.004047736	5	0
0.000	0.098	1.004047346	5	0
0.000	0.099	1.004042416	5	0
0.000	0.101	1.004046014	5	0
0.000	0.103	1.004046744	5	0
0.000	0.105	1.004046384	5	0
0.000	0.107	0.003026027	5	0
0.000	0.109	0.003025056	5	0
0.000	0.111	0.003024736	5	0
0.000	0.112	0.003024104	5	0
0.000	0.114	0.003023694	5	0
0.000	0.116	0.003023143	5	0
0.000	0.118	0.003022722	5	0
0.000	0.120	0.003022431	5	0
