Vendor ID: 0x1b96
Device ID: 0x2751
Lane: 0
Time (%UI)	Voltage (V)	Duration (s)	Count	Pass
-40.000	0.000	0.001009347	31	0
-37.143	0.000	0.003026188	8	0
-34.286	0.000	0.003025947	5	0
-31.429	0.000	0.003026830	5	0
-28.571	0.000	1.004095137	5	0
-25.714	0.000	1.004112289	5	0
-22.857	0.000	1.008217066	0	1
-20.000	0.000	1.006187462	0	1
-17.143	0.000	1.008217187	0	1
-14.286	0.000	1.008216695	0	1
-11.429	0.000	1.008215464	0	1
-8.571	0.000	1.008216004	0	1
-5.714	0.000	1.008214172	0	1
-2.857	0.000	1.008210333	0	1
2.857	0.000	1.008210845	0	1
5.714	0.000	1.008212688	0	1
8.571	0.000	1.008218500	0	1
11.429	0.000	1.008210174	0	1
14.286	0.000	1.008211296	0	1
17.143	0.000	1.008210714	0	1
20.000	0.000	1.008212067	0	1
22.857	0.000	1.004106689	5	0
25.714	0.000	1.004107310	5	0
28.571	0.000	0.003042349	5	0
31.429	0.000	0.003039894	15	0
34.286	0.000	0.003037700	31	0
37.143	0.000	1.008184444	0	1
40.000	0.000	1.008200174	0	1
0.000	-0.120	0.003039754	6	0
0.000	-0.118	1.002081242	5	0
0.000	-0.116	0.003040686	6	0
0.000	-0.114	0.003040395	7	0
0.000	-0.112	0.003040205	5	0
0.000	-0.111	0.003036939	5	0
0.000	-0.109	0.003036126	5	0
0.000	-0.107	0.003035075	5	0
0.000	-0.105	0.003034233	5	0
0.000	-0.103	1.002079308	5	0
0.000	-0.101	0.003042620	5	0
0.000	-0.099	1.004110116	5	0
0.000	-0.098	0.003041337	5	0
0.000	-0.096	1.004109484	5	0
0.000	-0.094	1.002083566	5	0
0.000	-0.092	1.004111479	5	0
0.000	-0.090	1.004063337	5	0
0.000	-0.088	1.004094716	5	0
0.000	-0.086	1.004117309	5	0
0.000	-0.084	1.004109163	5	0
0.000	-0.082	1.006186018	3	1
0.000	-0.081	1.006143307	2	1
0.000	-0.079	1.008198701	1	1
0.000	-0.077	1.008214291	0	1
0.000	-0.075	1.008213900	0	1
0.000	-0.073	1.008213990	0	1
0.000	-0.071	1.008213629	0	1
0.000	-0.069	1.008208611	0	1
0.000	-0.068	1.008209132	0	1
0.000	-0.066	1.008214381	0	1
0.000	-0.064	1.008214742	0	1
0.000	-0.062	1.008193141	0	1
0.000	-0.060	1.006190997	0	1
0.000	-0.058	1.008216395	0	1
0.000	-0.056	1.008217728	0	1
0.000	-0.054	1.008223189	0	1
0.000	-0.052	1.008209732	0	1
0.000	-0.051	1.008216765	0	1
0.000	-0.049	1.006187431	0	1
0.000	-0.047	1.008212288	0	1
0.000	-0.045	1.008213108	0	1
0.000	-0.043	1.008212668	0	1
0.000	-0.041	1.008214131	0	1
0.000	-0.039	1.008214010	0	1
0.000	-0.037	1.006187181	0	1
0.000	-0.036	1.008213790	0	1
0.000	-0.034	1.008209101	0	1
0.000	-0.032	1.008213951	0	1
0.000	-0.030	1.008215414	0	1
0.000	-0.028	1.006189505	0	1
0.000	-0.026	1.008211756	0	1
0.000	-0.024	1.008216566	0	1
0.000	-0.022	1.008215314	0	1
0.000	-0.021	1.008215985	0	1
0.000	-0.019	1.006189304	0	1
0.000	-0.017	1.008213520	0	1
0.000	-0.015	1.008215664	0	1
0.000	-0.013	1.008212458	0	1
0.000	-0.011	1.008212266	0	1
0.000	-0.009	1.008213960	0	1
0.000	-0.007	1.006186188	0	1
0.000	-0.006	1.008214081	0	1
0.000	-0.004	1.008213220	0	1
0.000	-0.002	1.008212758	0	1
0.000	0.002	1.008216155	0	1
0.000	0.004	1.008209162	0	1
0.000	0.006	1.008211927	0	1
0.000	0.007	1.008208972	0	1
0.000	0.009	1.008173273	0	1
0.000	0.011	1.008193831	0	1
0.000	0.013	1.008210844	0	1
0.000	0.015	1.008216445	0	1
0.000	0.017	1.008193762	0	1
0.000	0.019	1.008204302	0	1
0.000	0.021	1.008212939	0	1
0.000	0.022	1.008212938	0	1
0.000	0.024	1.006186570	0	1
0.000	0.026	1.008210364	0	1
0.000	0.028	1.008211556	0	1
0.000	0.030	1.008215674	0	1
0.000	0.032	1.008200464	0	1
0.000	0.034	1.008188702	0	1
0.000	0.036	1.008193662	0	1
0.000	0.037	1.008210753	0	1
0.000	0.039	1.008213590	0	1
0.000	0.041	1.008192970	0	1
0.000	0.043	1.008168794	0	1
0.000	0.045	1.008186048	0	1
0.000	0.047	1.008197189	0	1
0.000	0.049	1.008148706	0	1
0.000	0.051	1.008188522	0	1
0.000	0.052	1.008195285	0	1
0.000	0.054	1.008207758	0	1
0.000	0.056	1.008207909	0	1
0.000	0.058	1.008208179	0	1
0.000	0.060	1.008210664	0	1
0.000	0.062	1.008206706	0	1
0.000	0.064	1.008172893	0	1
0.000	0.066	1.008200084	0	1
0.000	0.068	1.008210003	0	1
0.000	0.069	1.008208491	0	1
0.000	0.071	1.008209211	0	1
0.000	0.073	1.008208430	0	1
0.000	0.075	1.006182833	0	1
0.000	0.077	1.008213650	0	1
0.000	0.079	1.008208971	0	1
0.000	0.081	1.008209482	2	1
0.000	0.082	1.006176621	2	1
0.000	0.084	1.004103583	5	0
0.000	0.086	1.004105868	5	0
0.000	0.088	1.008208881	4	1
0.000	0.090	1.004104465	5	0
0.000	0.092	1.002082073	5	0
0.000	0.094	1.004106609	5	0
0.000	0.096	1.004107149	5	0
0.000	0.098	1.002078396	5	0
0.000	0.099	1.004097392	5	0
0.000	0.101	0.003040806	5	0
0.000	0.103	0.003040274	5	0
0.000	0.105	0.003039103	5	0
0.000	0.107	0.003038281	5	0
0.000	0.109	0.003036387	5	0
0.000	0.111	0.003035395	5	0
0.000	0.112	0.003036408	5	0
0.000	0.114	0.003036517	6	0
0.000	0.116	0.003034604	5	0
0.000	0.118	0.003033702	6	0
0.000	0.120	0.003035906	6	0
