Vendor ID: 0x1022
Device ID: 0x153e
Lane: 0
Time (%UI)	Voltage (V)	Duration (s)	Count	Pass
-25.000	0.000	1.002076513	5	0
-23.438	0.000	1.002071633	5	0
-21.875	0.000	1.006186700	1	1
-20.312	0.000	1.006172663	0	1
-18.750	0.000	1.006181460	0	1
-17.188	0.000	1.006183153	0	1
-15.625	0.000	1.006138047	0	1
-14.062	0.000	1.006176400	0	1
-12.500	0.000	1.006179486	0	1
-10.938	0.000	1.006179166	0	1
-9.375	0.000	1.006182432	0	1
-7.812	0.000	1.006167013	0	1
-6.250	0.000	1.006176761	0	1
-4.688	0.000	1.006175198	0	1
-3.125	0.000	1.006178554	0	1
-1.562	0.000	1.006180709	0	1
1.562	0.000	1.006165069	0	1
3.125	0.000	1.006182772	0	1
4.688	0.000	1.006185748	0	1
6.250	0.000	1.006180798	0	1
7.812	0.000	1.006179606	0	1
9.375	0.000	1.006175789	0	1
10.938	0.000	1.006183464	0	1
12.500	0.000	1.006181990	0	1
14.062	0.000	1.006179767	0	1
15.625	0.000	1.006180958	0	1
17.188	0.000	1.006178805	4	1
18.750	0.000	1.002080941	5	0
20.312	0.000	1.002079778	5	0
21.875	0.000	1.002080521	5	0
23.438	0.000	1.002080490	5	0
25.000	0.000	1.002080801	5	0
0.000	-0.130	1.002077514	5	0
0.000	-0.126	1.002078887	5	0
0.000	-0.121	1.002080991	5	0
0.000	-0.117	1.002085800	5	0
0.000	-0.112	1.002084988	5	0
0.000	-0.108	1.002083307	5	0
0.000	-0.103	1.002087093	5	0
0.000	-0.099	1.006184275	4	1
0.000	-0.094	1.006191589	1	1
0.000	-0.090	1.006186389	0	1
0.000	-0.085	1.006181690	0	1
0.000	-0.081	1.006178003	0	1
0.000	-0.076	1.006179857	0	1
0.000	-0.072	1.006177572	0	1
0.000	-0.067	1.006176741	0	1
0.000	-0.063	1.006176439	0	1
0.000	-0.058	1.006178234	0	1
0.000	-0.054	1.006176130	0	1
0.000	-0.049	1.006175909	0	1
0.000	-0.045	1.006183864	0	1
0.000	-0.040	1.006175058	0	1
0.000	-0.036	1.006174957	0	1
0.000	-0.031	1.006179206	0	1
0.000	-0.027	1.006178293	0	1
0.000	-0.022	1.006177201	0	1
0.000	-0.018	1.006180478	0	1
0.000	-0.013	1.006179857	0	1
0.000	-0.009	1.006180498	0	1
0.000	-0.004	1.006177884	0	1
0.000	0.004	1.006179717	0	1
0.000	0.009	1.006176672	0	1
0.000	0.013	1.006177152	0	1
0.000	0.018	1.006214733	0	1
0.000	0.022	1.006179456	0	1
0.000	0.027	1.006181621	0	1
0.000	0.031	1.006176039	0	1
0.000	0.036	1.006178485	0	1
0.000	0.040	1.006159618	0	1
0.000	0.045	1.006168776	0	1
0.000	0.049	1.006172022	0	1
0.000	0.054	1.006200336	0	1
0.000	0.058	1.006200156	0	1
0.000	0.063	1.006188133	0	1
0.000	0.067	1.006177823	0	1
0.000	0.072	1.006183814	0	1
0.000	0.076	1.006172984	0	1
0.000	0.081	1.006174657	0	1
0.000	0.085	1.006176802	0	1
0.000	0.090	1.006178193	0	1
0.000	0.094	1.006179726	0	1
0.000	0.099	1.006177352	0	1
0.000	0.103	1.002080731	5	0
0.000	0.108	1.002084998	5	0
0.000	0.112	1.002081934	5	0
0.000	0.117	1.002087914	5	0
0.000	0.121	1.002083757	5	0
0.000	0.126	1.002085540	5	0
0.000	0.130	1.002086792	5	0
