Vendor ID: 0x1022
Device ID: 0x153e
Lane: 0
Time (%UI)	Voltage (V)	Duration (s)	Count	Pass
-25.000	0.000	1.002089127	5	0
-23.438	0.000	1.006183183	1	1
-21.875	0.000	1.006177573	0	1
-20.312	0.000	1.006179496	0	1
-18.750	0.000	1.006181891	0	1
-17.188	0.000	1.006177783	0	1
-15.625	0.000	1.006100797	0	1
-14.062	0.000	1.006175729	0	1
-12.500	0.000	1.006174286	0	1
-10.938	0.000	1.006178093	0	1
-9.375	0.000	1.006178414	0	1
-7.812	0.000	1.006175929	0	1
-6.250	0.000	1.006177172	0	1
-4.688	0.000	1.006178655	0	1
-3.125	0.000	1.006179957	0	1
-1.562	0.000	1.006177733	0	1
1.562	0.000	1.006174266	0	1
3.125	0.000	1.006179707	0	1
4.688	0.000	1.006179957	0	1
6.250	0.000	1.006178574	0	1
7.812	0.000	1.006179015	0	1
9.375	0.000	1.006176580	0	1
10.938	0.000	1.006177111	0	1
12.500	0.000	1.006180679	0	1
14.062	0.000	1.006182101	0	1
15.625	0.000	1.006179586	0	1
17.188	0.000	1.006176070	0	1
18.750	0.000	1.006179156	0	1
20.312	0.000	1.006179386	0	1
21.875	0.000	1.006179386	0	1
23.438	0.000	1.006179587	0	1
25.000	0.000	1.006178253	0	1
0.000	-0.130	1.006179787	0	1
0.000	-0.126	1.006178525	0	1
0.000	-0.121	1.006182482	0	1
0.000	-0.117	1.006181059	0	1
0.000	-0.112	1.006178575	0	1
0.000	-0.108	1.006182652	0	1
0.000	-0.103	1.006178635	0	1
0.000	-0.099	1.006183653	0	1
0.000	-0.094	1.006183744	0	1
0.000	-0.090	1.006180949	0	1
0.000	-0.085	1.006179116	0	1
0.000	-0.081	1.006181620	0	1
0.000	-0.076	1.006187572	0	1
0.000	-0.072	1.006185969	0	1
0.000	-0.067	1.006183193	0	1
0.000	-0.063	1.006181450	0	1
0.000	-0.058	1.006178554	0	1
0.000	-0.054	1.006179216	0	1
0.000	-0.049	1.006179415	0	1
0.000	-0.045	1.006170219	0	1
0.000	-0.040	1.006174036	0	1
0.000	-0.036	1.006175348	0	1
0.000	-0.031	1.006176039	0	1
0.000	-0.027	1.006174748	0	1
0.000	-0.022	1.006176180	0	1
0.000	-0.018	1.006177772	0	1
0.000	-0.013	1.006167914	0	1
0.000	-0.009	1.006173545	0	1
0.000	-0.004	1.006176490	0	1
0.000	0.004	1.006174766	0	1
0.000	0.009	1.006174176	0	1
0.000	0.013	1.006172974	0	1
0.000	0.018	1.006173594	0	1
0.000	0.022	1.006174426	0	1
0.000	0.027	1.006171120	0	1
0.000	0.031	1.006175348	0	1
0.000	0.036	1.006173134	0	1
0.000	0.040	1.006174407	0	1
0.000	0.045	1.006174927	0	1
0.000	0.049	1.006174486	0	1
0.000	0.054	1.006174035	0	1
0.000	0.058	1.006177492	0	1
0.000	0.063	1.006175508	0	1
0.000	0.067	1.006141785	0	1
0.000	0.072	1.006174246	0	1
0.000	0.076	1.006177422	0	1
0.000	0.081	1.006177072	0	1
0.000	0.085	1.006175118	0	1
0.000	0.090	1.006176550	0	1
0.000	0.094	1.006172743	0	1
0.000	0.099	1.006151653	0	1
0.000	0.103	1.006173845	0	1
0.000	0.108	1.006175027	0	1
0.000	0.112	1.006172884	0	1
0.000	0.117	1.006174075	0	1
0.000	0.121	1.006174357	0	1
0.000	0.126	1.006172703	0	1
0.000	0.130	1.006172874	0	1
