Vendor ID: 0x25e
Device ID: 0x2b59
Lane: 2
Time (%UI)	Voltage (V)	Duration (s)	Count	Pass
-50.000	0.000	0.001022582	5	0
-48.276	0.000	0.001015218	5	0
-46.552	0.000	0.001011862	5	0
-44.828	0.000	0.001137471	5	0
-43.103	0.000	0.001010920	5	0
-41.379	0.000	0.001013475	5	0
-39.655	0.000	0.001011301	5	0
-37.931	0.000	0.001015378	5	0
-36.207	0.000	0.001017192	5	0
-34.483	0.000	0.001014888	5	0
-32.759	0.000	0.001005550	5	0
-31.034	0.000	0.001326800	5	0
-29.310	0.000	1.002349601	5	0
-27.586	0.000	1.002036056	5	0
-25.862	0.000	1.002026939	5	0
-24.138	0.000	1.002030074	5	0
-22.414	0.000	1.002034463	5	0
-20.690	0.000	1.006069957	1	1
-18.966	0.000	1.006072203	2	1
-17.241	0.000	1.006067373	0	1
-15.517	0.000	1.006065980	0	1
-13.793	0.000	1.006071661	0	1
-12.069	0.000	1.006066041	0	1
-10.345	0.000	1.006067323	0	1
-8.621	0.000	1.006065800	0	1
-6.897	0.000	1.006066492	0	1
-5.172	0.000	1.006064889	0	1
-3.448	0.000	1.006064699	0	1
-1.724	0.000	1.006063024	0	1
1.724	0.000	1.006063617	0	1
3.448	0.000	1.006066652	0	1
5.172	0.000	1.006066240	0	1
6.897	0.000	1.006067042	0	1
8.621	0.000	1.006070720	0	1
10.345	0.000	1.006067123	0	1
12.069	0.000	1.006066130	0	1
13.793	0.000	1.006062614	1	1
15.517	0.000	1.006067213	0	1
17.241	0.000	1.006067914	1	1
18.966	0.000	1.002030124	5	0
20.690	0.000	1.002027250	5	0
22.414	0.000	1.002030034	5	0
24.138	0.000	1.002205749	5	0
25.862	0.000	1.002035274	5	0
27.586	0.000	1.002029553	5	0
29.310	0.000	0.001009788	5	0
31.034	0.000	0.001012152	5	0
32.759	0.000	0.001012814	5	0
34.483	0.000	0.001026841	5	0
36.207	0.000	0.001010539	5	0
37.931	0.000	0.001012183	5	0
39.655	0.000	0.001255144	5	0
41.379	0.000	0.001314516	5	0
43.103	0.000	0.001320788	5	0
44.828	0.000	0.001318654	5	0
46.552	0.000	0.001326880	5	0
48.276	0.000	0.001294839	5	0
50.000	0.000	0.001316821	5	0
0.000	-0.080	1.002062366	5	0
0.000	-0.077	1.002079068	5	0
0.000	-0.075	1.006179006	3	1
0.000	-0.072	1.002079858	5	0
0.000	-0.070	1.006145190	1	1
0.000	-0.068	1.006176391	0	1
0.000	-0.065	1.006178433	0	1
0.000	-0.062	1.006130884	1	1
0.000	-0.060	1.006179196	0	1
0.000	-0.058	1.006191389	0	1
0.000	-0.055	1.006179456	0	1
0.000	-0.052	1.006176761	0	1
0.000	-0.050	1.006182692	0	1
0.000	-0.048	1.006176860	0	1
0.000	-0.045	1.006154098	0	1
0.000	-0.043	1.006174506	0	1
0.000	-0.040	1.006176931	0	1
0.000	-0.037	1.006176060	0	1
0.000	-0.035	1.006176611	0	1
0.000	-0.033	1.006177442	0	1
0.000	-0.030	1.006173114	0	1
0.000	-0.028	1.006178143	0	1
0.000	-0.025	1.006112038	0	1
0.000	-0.022	1.006172253	0	1
0.000	-0.020	1.006170959	0	1
0.000	-0.018	1.006177663	0	1
0.000	-0.015	1.006181499	0	1
0.000	-0.013	1.006137305	0	1
0.000	-0.010	1.006172763	0	1
0.000	-0.007	1.006182973	0	1
0.000	-0.005	1.006179375	0	1
0.000	-0.003	1.006179546	0	1
0.000	0.003	1.006150381	0	1
0.000	0.005	1.006172252	0	1
0.000	0.007	1.006170519	0	1
0.000	0.010	1.006173676	0	1
0.000	0.013	1.006174426	0	1
0.000	0.015	1.006161292	0	1
0.000	0.018	1.006169898	0	1
0.000	0.020	1.006176892	0	1
0.000	0.022	1.006177071	0	1
0.000	0.025	1.006177062	0	1
0.000	0.028	1.006180718	0	1
0.000	0.030	1.006180277	0	1
0.000	0.033	1.006172162	0	1
0.000	0.035	1.006176511	0	1
0.000	0.037	1.006176210	0	1
0.000	0.040	1.006175107	0	1
0.000	0.043	1.006176511	0	1
0.000	0.045	1.006176912	0	1
0.000	0.048	1.006174657	0	1
0.000	0.050	1.006174286	0	1
0.000	0.052	1.006175108	0	1
0.000	0.055	1.006174537	0	1
0.000	0.058	1.006173454	0	1
0.000	0.060	1.006174005	1	1
0.000	0.062	1.006175108	0	1
0.000	0.065	1.006173054	0	1
0.000	0.068	1.006175699	0	1
0.000	0.070	1.006181490	0	1
0.000	0.072	1.006189415	3	1
0.000	0.075	1.002077444	5	0
0.000	0.077	1.002081341	5	0
0.000	0.080	1.002085910	5	0
