Vendor ID: 0x1022
Device ID: 0x153e
Lane: 2
Time (%UI)	Voltage (V)	Duration (s)	Count	Pass
-25.000	0.000	1.006182381	3	1
-23.438	0.000	1.006182120	3	1
-21.875	0.000	1.006183974	0	1
-20.312	0.000	1.006185086	0	1
-18.750	0.000	1.006182402	0	1
-17.188	0.000	1.006183183	0	1
-15.625	0.000	1.006184606	0	1
-14.062	0.000	1.006184816	0	1
-12.500	0.000	1.006184596	0	1
-10.938	0.000	1.006183163	0	1
-9.375	0.000	1.006178865	0	1
-7.812	0.000	1.006181650	0	1
-6.250	0.000	1.006179436	0	1
-4.688	0.000	1.006184045	0	1
-3.125	0.000	1.006181880	0	1
-1.562	0.000	1.006179537	0	1
1.562	0.000	1.006183864	0	1
3.125	0.000	1.006181830	0	1
4.688	0.000	1.006181090	0	1
6.250	0.000	1.006184045	0	1
7.812	0.000	1.006178113	0	1
9.375	0.000	1.006181360	0	1
10.938	0.000	1.006184495	0	1
12.500	0.000	1.006185728	0	1
14.062	0.000	1.006183153	0	1
15.625	0.000	1.006185878	1	1
17.188	0.000	1.006179455	1	1
18.750	0.000	1.002079449	5	0
20.312	0.000	1.002081603	5	0
21.875	0.000	1.002081813	5	0
23.438	0.000	1.002081251	5	0
25.000	0.000	1.002080060	5	0
0.000	-0.130	1.002078937	5	0
0.000	-0.126	1.002085189	5	0
0.000	-0.121	1.002080832	5	0
0.000	-0.117	1.002080199	5	0
0.000	-0.112	1.002080590	5	0
0.000	-0.108	1.002079538	5	0
0.000	-0.103	1.006184806	3	1
0.000	-0.099	1.006179616	0	1
0.000	-0.094	1.006132998	0	1
0.000	-0.090	1.006176370	0	1
0.000	-0.085	1.006181099	0	1
0.000	-0.081	1.006180018	0	1
0.000	-0.076	1.006182211	0	1
0.000	-0.072	1.006179306	0	1
0.000	-0.067	1.006183003	0	1
0.000	-0.063	1.006181350	0	1
0.000	-0.058	1.006179315	0	1
0.000	-0.054	1.006179456	0	1
0.000	-0.049	1.006168335	0	1
0.000	-0.045	1.006178675	0	1
0.000	-0.040	1.006181109	0	1
0.000	-0.036	1.006092250	0	1
0.000	-0.031	1.006171492	0	1
0.000	-0.027	1.006176360	0	1
0.000	-0.022	1.006177592	0	1
0.000	-0.018	1.006179185	0	1
0.000	-0.013	1.006127939	0	1
0.000	-0.009	1.006176580	0	1
0.000	-0.004	1.006183304	0	1
0.000	0.004	1.006199133	0	1
0.000	0.009	1.006180538	0	1
0.000	0.013	1.006170909	0	1
0.000	0.018	1.006184365	0	1
0.000	0.022	1.006184125	0	1
0.000	0.027	1.006183995	0	1
0.000	0.031	1.006185126	0	1
0.000	0.036	1.006174176	0	1
0.000	0.040	1.006179777	0	1
0.000	0.045	1.006180628	0	1
0.000	0.049	1.006182522	0	1
0.000	0.054	1.006181660	0	1
0.000	0.058	1.006178385	0	1
0.000	0.063	1.006185838	0	1
0.000	0.067	1.006184546	0	1
0.000	0.072	1.006189274	0	1
0.000	0.076	1.006186209	0	1
0.000	0.081	1.006180849	0	1
0.000	0.085	1.006184797	0	1
0.000	0.090	1.006152856	0	1
0.000	0.094	1.006180708	2	1
0.000	0.099	1.002080671	5	0
0.000	0.103	1.002080120	5	0
0.000	0.108	1.002083155	5	0
0.000	0.112	1.002082544	5	0
0.000	0.117	1.002081442	5	0
0.000	0.121	1.002081492	5	0
0.000	0.126	1.002084088	5	0
0.000	0.130	1.002080690	5	0
