Vendor ID: 0x1987
Device ID: 0x5302
Lane: 1
Time (%UI)	Voltage (V)	Duration (s)	Count	Pass
-50.000	0.000	0.001014437	31	0
-48.387	0.000	0.001013836	31	0
-46.774	0.000	0.001013415	31	0
-45.161	0.000	0.001013044	31	0
-43.548	0.000	0.001013004	31	0
-41.935	0.000	0.001012783	31	0
-40.323	0.000	0.001012433	31	0
-38.710	0.000	0.001012313	31	0
-37.097	0.000	0.001012202	29	0
-35.484	0.000	0.001012072	10	0
-33.871	0.000	0.001011922	11	0
-32.258	0.000	0.001011822	8	0
-30.645	0.000	1.002082865	5	0
-29.032	0.000	1.002084397	7	0
-27.419	0.000	1.002082033	5	0
-25.806	0.000	1.006181090	0	1
-24.194	0.000	1.006177221	0	1
-22.581	0.000	1.006182462	0	1
-20.968	0.000	1.006180919	0	1
-19.355	0.000	1.006182642	0	1
-17.742	0.000	1.006183834	0	1
-16.129	0.000	1.006180769	0	1
-14.516	0.000	1.006184495	0	1
-12.903	0.000	1.006176992	0	1
-11.290	0.000	1.006180748	0	1
-9.677	0.000	1.006187712	0	1
-8.065	0.000	1.006180228	0	1
-6.452	0.000	1.006182241	0	1
-4.839	0.000	1.006180268	0	1
-3.226	0.000	1.006183003	0	1
-1.613	0.000	1.006184827	0	1
1.613	0.000	1.006182732	0	1
3.226	0.000	1.006181831	0	1
4.839	0.000	1.006181079	0	1
6.452	0.000	1.006180157	0	1
8.065	0.000	1.006185377	0	1
9.677	0.000	1.006180367	0	1
11.290	0.000	1.006180598	0	1
12.903	0.000	1.006184906	0	1
14.516	0.000	1.006184977	0	1
16.129	0.000	1.006184776	0	1
17.742	0.000	1.006184155	0	1
19.355	0.000	1.006184346	0	1
20.968	0.000	1.006180808	0	1
22.581	0.000	1.006182322	0	1
24.194	0.000	1.006180648	0	1
25.806	0.000	1.006181270	0	1
27.419	0.000	1.006180288	0	1
29.032	0.000	1.006183273	0	1
30.645	0.000	1.006179546	0	1
32.258	0.000	1.006180679	0	1
33.871	0.000	1.002079659	7	0
35.484	0.000	1.002080731	11	0
37.097	0.000	1.002035274	8	0
38.710	0.000	0.001010540	11	0
40.323	0.000	0.001009998	6	0
41.935	0.000	0.001010459	17	0
43.548	0.000	0.001009969	19	0
45.161	0.000	0.001009988	31	0
46.774	0.000	0.001008075	31	0
48.387	0.000	0.001009127	31	0
50.000	0.000	0.001007875	31	0
0.000	-0.500	0.001007624	31	0
0.000	-0.496	0.001007935	31	0
0.000	-0.492	0.001009678	31	0
0.000	-0.488	0.001007543	31	0
0.000	-0.484	0.001007413	31	0
0.000	-0.480	0.001010800	31	0
0.000	-0.476	0.001009889	31	0
0.000	-0.472	0.001009477	31	0
0.000	-0.469	0.001009447	31	0
0.000	-0.465	0.001009227	31	0
0.000	-0.461	0.001009758	31	0
0.000	-0.457	0.001009007	31	0
0.000	-0.453	0.001009077	31	0
0.000	-0.449	0.001009056	31	0
0.000	-0.445	0.001009206	31	0
0.000	-0.441	0.001009127	31	0
0.000	-0.437	0.001008756	31	0
0.000	-0.433	0.001009077	31	0
0.000	-0.429	0.001009207	31	0
0.000	-0.425	0.001009407	31	0
0.000	-0.421	0.001009237	31	0
0.000	-0.417	0.001008185	31	0
0.000	-0.413	0.001008235	31	0
0.000	-0.409	0.001008265	31	0
0.000	-0.406	0.001008215	31	0
0.000	-0.402	0.001008285	31	0
0.000	-0.398	0.001008365	31	0
0.000	-0.394	0.001008386	31	0
0.000	-0.390	0.001008445	31	0
0.000	-0.386	0.001008355	31	0
0.000	-0.382	0.001008456	31	0
0.000	-0.378	0.001008526	31	0
0.000	-0.374	0.001009598	31	0
0.000	-0.370	0.001008436	31	0
0.000	-0.366	0.001008516	31	0
0.000	-0.362	0.001008655	31	0
0.000	-0.358	0.001008716	31	0
0.000	-0.354	0.001009768	31	0
0.000	-0.350	0.001008766	31	0
0.000	-0.346	0.001008676	31	0
0.000	-0.343	0.001008716	31	0
0.000	-0.339	0.001008796	31	0
0.000	-0.335	0.001009828	31	0
0.000	-0.331	0.001008846	31	0
0.000	-0.327	0.001008826	31	0
0.000	-0.323	0.001008776	31	0
0.000	-0.319	0.001009217	31	0
0.000	-0.315	0.001009859	31	0
0.000	-0.311	0.001008886	31	0
0.000	-0.307	0.001008486	31	0
0.000	-0.303	0.001008695	31	0
0.000	-0.299	0.001008696	31	0
0.000	-0.295	0.001009447	31	0
0.000	-0.291	0.001009076	31	0
0.000	-0.287	0.001009317	31	0
0.000	-0.283	0.001009207	31	0
0.000	-0.280	0.001009006	31	0
0.000	-0.276	0.001009437	31	0
0.000	-0.272	0.001010700	31	0
0.000	-0.268	0.001010669	31	0
0.000	-0.264	0.001010970	31	0
0.000	-0.260	0.001010810	31	0
0.000	-0.256	0.001010590	31	0
0.000	-0.252	0.001010539	31	0
0.000	-0.248	0.001010620	31	0
0.000	-0.244	0.001010630	31	0
0.000	-0.240	0.001010660	31	0
0.000	-0.236	0.001009528	31	0
0.000	-0.232	0.001009457	31	0
0.000	-0.228	0.001009538	31	0
0.000	-0.224	0.001009978	31	0
0.000	-0.220	0.001009758	31	0
0.000	-0.217	0.001009718	15	0
0.000	-0.213	0.001010068	7	0
0.000	-0.209	0.001009728	12	0
0.000	-0.205	0.001010049	5	0
0.000	-0.201	0.001010770	6	0
0.000	-0.197	0.001009779	8	0
0.000	-0.193	0.001009768	6	0
0.000	-0.189	0.001009778	10	0
0.000	-0.185	0.001010128	7	0
0.000	-0.181	1.002077073	11	0
0.000	-0.177	1.002085660	8	0
0.000	-0.173	1.002079880	8	0
0.000	-0.169	1.002083295	5	0
0.000	-0.165	1.002084407	5	0
0.000	-0.161	1.006185698	1	1
0.000	-0.157	1.006162173	0	1
0.000	-0.154	1.006182992	0	1
0.000	-0.150	1.006186970	0	1
0.000	-0.146	1.006184987	0	1
0.000	-0.142	1.006183564	0	1
0.000	-0.138	1.006181720	0	1
0.000	-0.134	1.006183724	0	1
0.000	-0.130	1.006181160	0	1
0.000	-0.126	1.006185428	0	1
0.000	-0.122	1.006186420	0	1
0.000	-0.118	1.006169688	0	1
0.000	-0.114	1.006184405	0	1
0.000	-0.110	1.006184957	0	1
0.000	-0.106	1.006184556	0	1
0.000	-0.102	1.006187871	0	1
0.000	-0.098	1.006185047	0	1
0.000	-0.094	1.006185166	0	1
0.000	-0.091	1.006183734	0	1
0.000	-0.087	1.006202159	0	1
0.000	-0.083	1.006195607	0	1
0.000	-0.079	1.006183233	0	1
0.000	-0.075	1.006188603	0	1
0.000	-0.071	1.006186209	0	1
0.000	-0.067	1.006185888	0	1
0.000	-0.063	1.006187841	0	1
0.000	-0.059	1.006183354	0	1
0.000	-0.055	1.006185087	0	1
0.000	-0.051	1.006186279	0	1
0.000	-0.047	1.006182842	0	1
0.000	-0.043	1.006180078	0	1
0.000	-0.039	1.006181860	0	1
0.000	-0.035	1.006185177	0	1
0.000	-0.031	1.006182763	0	1
0.000	-0.028	1.006181740	0	1
0.000	-0.024	1.006178946	0	1
0.000	-0.020	1.006182331	0	1
0.000	-0.016	1.006183684	0	1
0.000	-0.012	1.006183423	0	1
0.000	-0.008	1.006182421	0	1
0.000	-0.004	1.006181380	0	1
0.000	0.004	1.006186989	0	1
0.000	0.008	1.006181209	0	1
0.000	0.012	1.006180418	0	1
0.000	0.016	1.006185107	0	1
0.000	0.020	1.006182011	0	1
0.000	0.024	1.006180257	0	1
0.000	0.028	1.006181490	0	1
0.000	0.031	1.006181499	0	1
0.000	0.035	1.006183044	0	1
0.000	0.039	1.006179657	0	1
0.000	0.043	1.006183613	0	1
0.000	0.047	1.006182001	0	1
0.000	0.051	1.006179576	0	1
0.000	0.055	1.006182141	0	1
0.000	0.059	1.006180007	0	1
0.000	0.063	1.006180187	0	1
0.000	0.067	1.006187992	0	1
0.000	0.071	1.006181681	0	1
0.000	0.075	1.006180788	0	1
0.000	0.079	1.006182092	0	1
0.000	0.083	1.006182082	0	1
0.000	0.087	1.006180118	0	1
0.000	0.091	1.006179936	0	1
0.000	0.094	1.006182362	0	1
0.000	0.098	1.006181470	0	1
0.000	0.102	1.006179867	0	1
0.000	0.106	1.006181550	0	1
0.000	0.110	1.006180427	0	1
0.000	0.114	1.006181189	0	1
0.000	0.118	1.006182672	0	1
0.000	0.122	1.006179705	0	1
0.000	0.126	1.006182000	0	1
0.000	0.130	1.006185808	0	1
0.000	0.134	1.006186039	0	1
0.000	0.138	1.006182642	0	1
0.000	0.142	1.006182742	0	1
0.000	0.146	1.006182863	0	1
0.000	0.150	1.006182231	0	1
0.000	0.154	1.006182241	0	1
0.000	0.157	1.006078265	0	1
0.000	0.161	1.006182121	0	1
0.000	0.165	1.006182993	0	1
0.000	0.169	1.006183573	1	1
0.000	0.173	1.002082394	8	0
0.000	0.177	1.002080301	5	0
0.000	0.181	1.002081151	6	0
0.000	0.185	1.002072776	7	0
0.000	0.189	0.001011872	6	0
0.000	0.193	0.001010249	5	0
0.000	0.197	0.001010519	5	0
0.000	0.201	0.001010730	9	0
0.000	0.205	0.001010319	8	0
0.000	0.209	0.001010349	8	0
0.000	0.213	0.001010148	9	0
0.000	0.217	0.001010189	21	0
0.000	0.220	0.001010199	31	0
0.000	0.224	0.001010579	31	0
0.000	0.228	0.001010229	31	0
0.000	0.232	0.001010189	31	0
0.000	0.236	0.001010419	31	0
0.000	0.240	0.001010119	31	0
0.000	0.244	0.001010129	31	0
0.000	0.248	0.001009748	31	0
0.000	0.252	0.001010589	31	0
0.000	0.256	0.001009998	31	0
0.000	0.260	0.001009838	31	0
0.000	0.264	0.001010389	31	0
0.000	0.268	0.001010148	31	0
0.000	0.272	0.001010069	31	0
0.000	0.276	0.001010449	31	0
0.000	0.280	0.001009958	31	0
0.000	0.283	0.001010359	31	0
0.000	0.287	0.001010078	31	0
0.000	0.291	0.001009959	31	0
0.000	0.295	0.001010279	31	0
0.000	0.299	0.001010018	31	0
0.000	0.303	0.001010069	31	0
0.000	0.307	0.001009968	31	0
0.000	0.311	0.001010008	31	0
0.000	0.315	0.001011291	31	0
0.000	0.319	0.001009076	31	0
0.000	0.323	0.001009127	31	0
0.000	0.327	0.001010239	31	0
0.000	0.331	0.001010199	31	0
0.000	0.335	0.001010409	31	0
0.000	0.339	0.001010109	31	0
0.000	0.343	0.001011171	31	0
0.000	0.346	0.001010379	31	0
0.000	0.350	0.001010159	31	0
0.000	0.354	0.001009978	31	0
0.000	0.358	0.001010038	31	0
0.000	0.362	0.001010259	31	0
0.000	0.366	0.001010239	31	0
0.000	0.370	0.001010600	31	0
0.000	0.374	0.001010389	31	0
0.000	0.378	0.001010079	31	0
0.000	0.382	0.001010129	31	0
0.000	0.386	0.001010810	31	0
0.000	0.390	0.001010339	31	0
0.000	0.394	0.001010068	31	0
0.000	0.398	0.001010049	31	0
0.000	0.402	0.001010159	31	0
0.000	0.406	0.001010249	31	0
0.000	0.409	0.001011792	31	0
0.000	0.413	0.001010399	31	0
0.000	0.417	0.001010269	31	0
0.000	0.421	0.001010148	31	0
0.000	0.425	0.001010149	31	0
0.000	0.429	0.001010039	31	0
0.000	0.433	0.001010629	31	0
0.000	0.437	0.001010159	31	0
0.000	0.441	0.001011030	31	0
0.000	0.445	0.001010370	31	0
0.000	0.449	0.001010049	31	0
0.000	0.453	0.001010249	31	0
0.000	0.457	0.001010159	31	0
0.000	0.461	0.001011100	31	0
0.000	0.465	0.001010209	31	0
0.000	0.469	0.001010069	31	0
0.000	0.472	0.001010329	31	0
0.000	0.476	0.001010108	31	0
0.000	0.480	0.001011090	31	0
0.000	0.484	0.001010118	31	0
0.000	0.488	0.001010098	31	0
0.000	0.492	0.001010439	31	0
0.000	0.496	0.001010119	31	0
0.000	0.500	0.001011301	31	0
