Vendor ID: 0x1b96
Device ID: 0x2751
Lane: 2
Time (%UI)	Voltage (V)	Duration (s)	Count	Pass
-40.000	0.000	0.001014507	21	0
-37.143	0.000	0.001013615	10	0
-34.286	0.000	0.003038241	6	0
-31.429	0.000	0.003036247	5	0
-28.571	0.000	1.004101720	5	0
-25.714	0.000	1.004105998	5	0
-22.857	0.000	1.008207578	0	1
-20.000	0.000	1.008207408	0	1
-17.143	0.000	1.008205965	0	1
-14.286	0.000	1.008204082	0	1
-11.429	0.000	1.008205144	0	1
-8.571	0.000	1.008208240	0	1
-5.714	0.000	1.008208099	0	1
-2.857	0.000	1.008203501	0	1
2.857	0.000	1.008193272	0	1
5.714	0.000	1.008177010	0	1
8.571	0.000	1.006185899	0	1
11.429	0.000	1.008208340	0	1
14.286	0.000	1.008215683	0	1
17.143	0.000	1.008209653	0	1
20.000	0.000	1.002078707	5	0
22.857	0.000	0.003040345	5	0
25.714	0.000	0.003038612	5	0
28.571	0.000	0.003039013	13	0
31.429	0.000	0.003037169	31	0
34.286	0.000	1.008205484	0	1
37.143	0.000	1.008196758	0	1
40.000	0.000	1.008178463	0	1
0.000	-0.120	0.003028281	9	0
0.000	-0.118	0.003028252	13	0
0.000	-0.116	0.003028172	12	0
0.000	-0.114	0.003028874	6	0
0.000	-0.112	0.003028573	10	0
0.000	-0.111	0.003030016	6	0
0.000	-0.109	0.003028562	11	0
0.000	-0.107	1.002075361	7	0
0.000	-0.105	0.003040435	5	0
0.000	-0.103	0.003040245	5	0
0.000	-0.101	1.002080221	5	0
0.000	-0.099	0.003041137	5	0
0.000	-0.098	0.003039523	6	0
0.000	-0.096	0.003037970	5	0
0.000	-0.094	0.003037069	5	0
0.000	-0.092	0.003119245	5	0
0.000	-0.090	1.004107972	5	0
0.000	-0.088	1.004108132	5	0
0.000	-0.086	1.002079920	5	0
0.000	-0.084	1.004105466	5	0
0.000	-0.082	1.004108533	5	0
0.000	-0.081	1.004109335	5	0
0.000	-0.079	1.004111729	5	0
0.000	-0.077	1.004117600	5	0
0.000	-0.075	1.004111588	5	0
0.000	-0.073	1.002087583	5	0
0.000	-0.071	1.004113783	5	0
0.000	-0.069	1.006188663	1	1
0.000	-0.068	1.008202849	0	1
0.000	-0.066	1.008196126	0	1
0.000	-0.064	1.008207889	0	1
0.000	-0.062	1.008207659	0	1
0.000	-0.060	1.006181580	0	1
0.000	-0.058	1.008209051	0	1
0.000	-0.056	1.008205875	0	1
0.000	-0.054	1.008205805	0	1
0.000	-0.052	1.008211145	0	1
0.000	-0.051	1.008208460	0	1
0.000	-0.049	1.008207689	0	1
0.000	-0.047	1.006184265	0	1
0.000	-0.045	1.006187000	0	1
0.000	-0.043	1.006187310	0	1
0.000	-0.041	1.008211365	0	1
0.000	-0.039	1.008208090	0	1
0.000	-0.037	1.008215133	0	1
0.000	-0.036	1.008214662	0	1
0.000	-0.034	1.008210785	0	1
0.000	-0.032	1.008209111	0	1
0.000	-0.030	1.008210755	0	1
0.000	-0.028	1.008208230	0	1
0.000	-0.026	1.008208229	0	1
0.000	-0.024	1.008212097	0	1
0.000	-0.022	1.008209663	0	1
0.000	-0.021	1.006182932	0	1
0.000	-0.019	1.008208580	0	1
0.000	-0.017	1.008212517	0	1
0.000	-0.015	1.008208029	0	1
0.000	-0.013	1.006188153	0	1
0.000	-0.011	1.008216915	0	1
0.000	-0.009	1.008214010	0	1
0.000	-0.007	1.006186740	0	1
0.000	-0.006	1.008209051	0	1
0.000	-0.004	1.006186821	0	1
0.000	-0.002	1.008215353	0	1
0.000	0.002	1.008209903	0	1
0.000	0.004	1.008209031	0	1
0.000	0.006	1.008210474	0	1
0.000	0.007	1.008208841	0	1
0.000	0.009	1.008210082	0	1
0.000	0.011	1.008209532	0	1
0.000	0.013	1.008205555	0	1
0.000	0.015	1.008208359	0	1
0.000	0.017	1.006183153	0	1
0.000	0.019	1.006181360	0	1
0.000	0.021	1.008217307	0	1
0.000	0.022	1.006186168	0	1
0.000	0.024	1.006184986	0	1
0.000	0.026	1.008213099	0	1
0.000	0.028	1.008219701	0	1
0.000	0.030	1.008210894	0	1
0.000	0.032	1.008211866	0	1
0.000	0.034	1.006193643	0	1
0.000	0.036	1.006185988	0	1
0.000	0.037	1.008209983	0	1
0.000	0.039	1.008207979	0	1
0.000	0.041	1.008208270	0	1
0.000	0.043	1.008207078	0	1
0.000	0.045	1.008209142	0	1
0.000	0.047	1.008210293	0	1
0.000	0.049	1.008207439	0	1
0.000	0.051	1.008209932	0	1
0.000	0.052	1.008210243	0	1
0.000	0.054	1.008208491	0	1
0.000	0.056	1.008215012	0	1
0.000	0.058	1.008205034	0	1
0.000	0.060	1.008215373	0	1
0.000	0.062	1.008210283	0	1
0.000	0.064	1.008210394	0	1
0.000	0.066	1.008211446	0	1
0.000	0.068	1.006188593	0	1
0.000	0.069	1.008216245	0	1
0.000	0.071	1.008216816	0	1
0.000	0.073	1.006142305	0	1
0.000	0.075	1.008210975	0	1
0.000	0.077	1.008210575	0	1
0.000	0.079	1.004110557	5	0
0.000	0.081	1.008216686	4	1
0.000	0.082	1.004103503	5	0
0.000	0.084	1.004102722	5	0
0.000	0.086	1.004109614	5	0
0.000	0.088	1.002085560	5	0
0.000	0.090	1.004118171	5	0
0.000	0.092	1.004119964	5	0
0.000	0.094	1.002082473	5	0
0.000	0.096	0.003041998	5	0
0.000	0.098	0.003040455	5	0
0.000	0.099	0.003038862	5	0
0.000	0.101	0.003038702	5	0
0.000	0.103	1.002082815	5	0
0.000	0.105	0.003041949	5	0
0.000	0.107	0.003041347	6	0
0.000	0.109	0.003038492	5	0
0.000	0.111	0.003037810	5	0
0.000	0.112	0.003037930	6	0
0.000	0.114	0.003036488	5	0
0.000	0.116	0.003035306	7	0
0.000	0.118	0.003034965	16	0
0.000	0.120	0.003034463	5	0
