Vendor ID: 0x1e0f
Device ID: 0x2b
Lane: 1
Time (%UI)	Voltage (V)	Duration (s)	Count	Pass
-50.000	0.000	0.003033913	31	0
-48.438	0.000	0.003032761	31	0
-46.875	0.000	0.003033362	31	0
-45.312	0.000	0.003031788	31	0
-43.750	0.000	0.003031408	31	0
-42.188	0.000	0.003031168	31	0
-40.625	0.000	0.003031608	31	0
-39.062	0.000	0.003030987	31	0
-37.500	0.000	0.003030867	31	0
-35.938	0.000	0.003031208	31	0
-34.375	0.000	0.003030776	31	0
-32.812	0.000	0.005052807	31	0
-31.250	0.000	0.003030937	31	0
-29.688	0.000	0.003030376	31	0
-28.125	0.000	0.003029945	22	0
-26.562	0.000	0.003030847	14	0
-25.000	0.000	0.003029534	5	0
-23.438	0.000	0.003029865	5	0
-21.875	0.000	1.006113039	5	0
-20.312	0.000	1.006127778	5	0
-18.750	0.000	1.004104584	5	0
-17.188	0.000	1.008202979	3	1
-15.625	0.000	1.008199242	4	1
-14.062	0.000	1.008214091	0	1
-12.500	0.000	1.008156071	0	1
-10.938	0.000	1.008208230	0	1
-9.375	0.000	1.008205073	0	1
-7.812	0.000	1.010228617	0	1
-6.250	0.000	1.008113419	0	1
-4.688	0.000	1.008198511	0	1
-3.125	0.000	1.008203801	0	1
-1.562	0.000	1.008203410	0	1
1.562	0.000	1.008208381	0	1
3.125	0.000	1.008183753	0	1
4.688	0.000	1.008193752	0	1
6.250	0.000	1.008200615	0	1
7.812	0.000	1.008205896	0	1
9.375	0.000	1.008205575	0	1
10.938	0.000	1.008188582	0	1
12.500	0.000	1.008203761	0	1
14.062	0.000	1.008238246	0	1
15.625	0.000	1.008209091	0	1
17.188	0.000	1.008207778	0	1
18.750	0.000	1.008205274	0	1
20.312	0.000	1.008204072	1	1
21.875	0.000	1.004069519	5	0
23.438	0.000	1.004056744	5	0
25.000	0.000	1.004175239	5	0
26.562	0.000	0.003046106	5	0
28.125	0.000	0.003043071	5	0
29.688	0.000	0.003039063	11	0
31.250	0.000	0.003037349	7	0
32.812	0.000	0.003033121	29	0
34.375	0.000	0.003036708	31	0
35.938	0.000	0.003033742	31	0
37.500	0.000	0.003032380	31	0
39.062	0.000	0.003032780	31	0
40.625	0.000	0.003032590	31	0
42.188	0.000	0.003031779	31	0
43.750	0.000	0.003031428	31	0
45.312	0.000	0.003031578	31	0
46.875	0.000	0.003031829	31	0
48.438	0.000	0.003030576	31	0
50.000	0.000	0.003030647	31	0
0.000	-0.440	0.003029464	21	0
0.000	-0.433	0.003028413	3	0
0.000	-0.426	0.003029074	3	0
0.000	-0.419	0.003028672	18	0
0.000	-0.412	0.003028463	29	0
0.000	-0.406	0.003029073	16	0
0.000	-0.399	0.005047367	20	0
0.000	-0.392	0.003027901	21	0
0.000	-0.385	0.003027501	18	0
0.000	-0.378	0.003027460	13	0
0.000	-0.371	0.003027310	5	0
0.000	-0.364	1.004096068	7	0
0.000	-0.357	0.003039223	8	0
0.000	-0.351	0.003037740	6	0
0.000	-0.344	0.005060101	5	0
0.000	-0.337	0.003035997	10	0
0.000	-0.330	0.003035175	6	0
0.000	-0.323	0.003034353	5	0
0.000	-0.316	0.003033672	5	0
0.000	-0.309	0.003033062	7	0
0.000	-0.302	0.003032710	5	0
0.000	-0.296	0.003032550	6	0
0.000	-0.289	0.003032470	5	0
0.000	-0.282	1.004102681	5	0
0.000	-0.275	0.003040235	6	0
0.000	-0.268	0.003038392	5	0
0.000	-0.261	0.003037289	5	0
0.000	-0.254	0.003040746	5	0
0.000	-0.247	0.003036748	5	0
0.000	-0.241	0.003035135	5	0
0.000	-0.234	0.003034614	5	0
0.000	-0.227	1.004101599	5	0
0.000	-0.220	0.003042769	5	0
0.000	-0.213	1.004109033	5	0
0.000	-0.206	1.004110727	5	0
0.000	-0.199	1.004111979	5	0
0.000	-0.193	1.004107841	5	0
0.000	-0.186	1.004108563	5	0
0.000	-0.179	1.004107941	5	0
0.000	-0.172	1.006133889	5	0
0.000	-0.165	1.004108112	5	0
0.000	-0.158	1.004106609	5	0
0.000	-0.151	1.004106148	5	0
0.000	-0.144	1.004105887	5	0
0.000	-0.138	1.004106880	5	0
0.000	-0.131	1.004107561	5	0
0.000	-0.124	1.008205214	2	1
0.000	-0.117	1.004106478	5	0
0.000	-0.110	1.004109845	5	0
0.000	-0.103	1.004119143	5	0
0.000	-0.096	1.010236592	2	1
0.000	-0.089	1.008207869	4	1
0.000	-0.083	1.004113332	5	0
0.000	-0.076	1.008203731	1	1
0.000	-0.069	1.008207268	0	1
0.000	-0.062	1.008208160	0	1
0.000	-0.055	1.008205605	4	1
0.000	-0.048	1.008207789	0	1
0.000	-0.041	1.008204964	0	1
0.000	-0.034	1.008203912	0	1
0.000	-0.028	1.008208771	0	1
0.000	-0.021	1.008202249	0	1
0.000	-0.014	1.008201938	0	1
0.000	-0.007	1.008203471	0	1
0.000	0.007	1.008202569	0	1
0.000	0.014	1.008207538	0	1
0.000	0.021	1.008205214	0	1
0.000	0.028	1.010234889	2	1
0.000	0.034	1.008209121	0	1
0.000	0.041	1.008205274	0	1
0.000	0.048	1.008205524	1	1
0.000	0.055	1.004112560	5	0
0.000	0.062	1.008210765	0	1
0.000	0.069	1.008204974	1	1
0.000	0.076	1.008202399	0	1
0.000	0.083	1.008207799	2	1
0.000	0.089	1.008192279	4	1
0.000	0.096	1.008197589	4	1
0.000	0.103	1.008201517	2	1
0.000	0.110	1.004104916	5	0
0.000	0.117	1.004113102	5	0
0.000	0.124	1.004105406	5	0
0.000	0.131	1.004108243	5	0
0.000	0.138	1.004116166	5	0
0.000	0.144	1.004072194	5	0
0.000	0.151	1.004098793	5	0
0.000	0.158	1.004108322	5	0
0.000	0.165	1.004106168	5	0
0.000	0.172	1.004113582	5	0
0.000	0.179	1.004099335	5	0
0.000	0.186	1.004098073	5	0
0.000	0.193	1.004108692	5	0
0.000	0.199	0.003040255	5	0
0.000	0.206	0.005062666	5	0
0.000	0.213	1.004104936	5	0
0.000	0.220	0.003040135	5	0
0.000	0.227	1.004106369	5	0
0.000	0.234	1.004106428	5	0
0.000	0.241	1.004099546	5	0
0.000	0.247	0.003040004	5	0
0.000	0.254	0.003038732	5	0
0.000	0.261	0.003037620	5	0
0.000	0.268	0.003036047	5	0
0.000	0.275	1.004103824	5	0
0.000	0.282	0.003040034	5	0
0.000	0.289	0.003038562	5	0
0.000	0.296	0.003037911	5	0
0.000	0.302	0.003036227	7	0
0.000	0.309	0.003035456	5	0
0.000	0.316	0.005057526	7	0
0.000	0.323	0.003033632	5	0
0.000	0.330	0.003033361	8	0
0.000	0.337	0.003032971	5	0
0.000	0.344	0.003032520	6	0
0.000	0.351	0.003033542	5	0
0.000	0.357	0.003031809	8	0
0.000	0.364	0.003031718	11	0
0.000	0.371	0.003032019	21	0
0.000	0.378	0.003030777	13	0
0.000	0.385	0.003030196	7	0
0.000	0.392	0.003033261	9	0
0.000	0.399	0.003034093	12	0
0.000	0.406	0.003029825	17	0
0.000	0.412	0.003030056	22	0
0.000	0.419	0.003029825	14	0
0.000	0.426	0.003029554	5	0
0.000	0.433	0.003029665	27	0
0.000	0.440	0.003029625	31	0
