Vendor ID: 0x1022
Device ID: 0x153e
Lane: 0
Time (%UI)	Voltage (V)	Duration (s)	Count	Pass
-25.000	0.000	1.002078367	5	0
-23.438	0.000	1.002082694	5	0
-21.875	0.000	1.006180948	0	1
-20.312	0.000	1.006183143	0	1
-18.750	0.000	1.006156833	0	1
-17.188	0.000	1.006179957	0	1
-15.625	0.000	1.006182952	0	1
-14.062	0.000	1.006186770	0	1
-12.500	0.000	1.006182562	0	1
-10.938	0.000	1.006186720	0	1
-9.375	0.000	1.006186119	0	1
-7.812	0.000	1.006173344	0	1
-6.250	0.000	1.006184345	0	1
-4.688	0.000	1.006191029	0	1
-3.125	0.000	1.006186930	0	1
-1.562	0.000	1.006183423	0	1
1.562	0.000	1.006184727	0	1
3.125	0.000	1.006186249	0	1
4.688	0.000	1.006184966	0	1
6.250	0.000	1.006181991	0	1
7.812	0.000	1.006185989	0	1
9.375	0.000	1.006183323	0	1
10.938	0.000	1.006150160	0	1
12.500	0.000	1.006178495	0	1
14.062	0.000	1.006176641	0	1
15.625	0.000	1.006180798	0	1
17.188	0.000	1.006181520	1	1
18.750	0.000	1.006180337	2	1
20.312	0.000	1.002079298	5	0
21.875	0.000	1.002086702	5	0
23.438	0.000	1.002084669	5	0
25.000	0.000	1.002082524	5	0
0.000	-0.130	1.002081753	5	0
0.000	-0.126	1.002081803	5	0
0.000	-0.121	1.002082734	5	0
0.000	-0.117	1.002080461	5	0
0.000	-0.112	1.002080791	5	0
0.000	-0.108	1.002081021	5	0
0.000	-0.103	1.002080399	5	0
0.000	-0.099	1.006179075	3	1
0.000	-0.094	1.006188804	0	1
0.000	-0.090	1.006181169	0	1
0.000	-0.085	1.006179286	0	1
0.000	-0.081	1.006179356	0	1
0.000	-0.076	1.006181190	0	1
0.000	-0.072	1.006185187	0	1
0.000	-0.067	1.006184636	0	1
0.000	-0.063	1.006187732	0	1
0.000	-0.058	1.006181280	0	1
0.000	-0.054	1.006180668	0	1
0.000	-0.049	1.006179526	0	1
0.000	-0.045	1.006180989	0	1
0.000	-0.040	1.006177773	0	1
0.000	-0.036	1.006174947	0	1
0.000	-0.031	1.006175849	0	1
0.000	-0.027	1.006175730	0	1
0.000	-0.022	1.006174356	0	1
0.000	-0.018	1.006159638	0	1
0.000	-0.013	1.006174777	0	1
0.000	-0.009	1.006175759	0	1
0.000	-0.004	1.006175529	0	1
0.000	0.004	1.006179265	0	1
0.000	0.009	1.006175328	0	1
0.000	0.013	1.006175548	0	1
0.000	0.018	1.006178504	0	1
0.000	0.022	1.006175979	0	1
0.000	0.027	1.006178594	0	1
0.000	0.031	1.006178794	0	1
0.000	0.036	1.006176440	0	1
0.000	0.040	1.006174236	0	1
0.000	0.045	1.006175458	0	1
0.000	0.049	1.006175940	0	1
0.000	0.054	1.006172643	0	1
0.000	0.058	1.006173836	0	1
0.000	0.063	1.006178093	0	1
0.000	0.067	1.006172053	0	1
0.000	0.072	1.006174145	0	1
0.000	0.076	1.006176561	0	1
0.000	0.081	1.006176801	0	1
0.000	0.085	1.006175980	0	1
0.000	0.090	1.006178114	0	1
0.000	0.094	1.006177513	1	1
0.000	0.099	1.006175409	2	1
0.000	0.103	1.002080200	5	0
0.000	0.108	1.002080980	5	0
0.000	0.112	1.002060613	5	0
0.000	0.117	1.002077033	5	0
0.000	0.121	1.002076082	5	0
0.000	0.126	1.002078777	5	0
0.000	0.130	1.002077905	5	0
