Vendor ID: 0x1022
Device ID: 0x153e
Lane: 0
Time (%UI)	Voltage (V)	Duration (s)	Count	Pass
-25.000	0.000	1.006155381	0	1
-23.438	0.000	1.006161022	1	1
-21.875	0.000	1.006157744	0	1
-20.312	0.000	1.006157003	0	1
-18.750	0.000	1.006165900	0	1
-17.188	0.000	1.006167794	0	1
-15.625	0.000	1.006166232	0	1
-14.062	0.000	1.006166131	0	1
-12.500	0.000	1.006176912	0	1
-10.938	0.000	1.006169557	0	1
-9.375	0.000	1.006172583	0	1
-7.812	0.000	1.006184266	0	1
-6.250	0.000	1.006175137	0	1
-4.688	0.000	1.006176160	0	1
-3.125	0.000	1.006178284	0	1
-1.562	0.000	1.006179836	0	1
1.562	0.000	1.006173455	0	1
3.125	0.000	1.006174658	0	1
4.688	0.000	1.006186689	0	1
6.250	0.000	1.006179046	0	1
7.812	0.000	1.006178765	0	1
9.375	0.000	1.006189215	0	1
10.938	0.000	1.006167453	0	1
12.500	0.000	1.006155481	0	1
14.062	0.000	1.006200246	0	1
15.625	0.000	1.006199965	0	1
17.188	0.000	1.006196348	0	1
18.750	0.000	1.006181099	0	1
20.312	0.000	1.006179436	1	1
21.875	0.000	1.002080220	5	0
23.438	0.000	1.002083446	5	0
25.000	0.000	1.002086992	5	0
0.000	-0.130	1.006180888	0	1
0.000	-0.126	1.006180257	0	1
0.000	-0.121	1.006177723	0	1
0.000	-0.117	1.006180038	0	1
0.000	-0.112	1.006182512	0	1
0.000	-0.108	1.006175770	0	1
0.000	-0.103	1.006178705	0	1
0.000	-0.099	1.006178916	0	1
0.000	-0.094	1.006176891	0	1
0.000	-0.090	1.006183514	0	1
0.000	-0.085	1.006181480	0	1
0.000	-0.081	1.006176491	0	1
0.000	-0.076	1.006180398	0	1
0.000	-0.072	1.006182512	0	1
0.000	-0.067	1.006190818	0	1
0.000	-0.063	1.006188253	0	1
0.000	-0.058	1.006179827	0	1
0.000	-0.054	1.006181780	0	1
0.000	-0.049	1.006183494	0	1
0.000	-0.045	1.006200656	0	1
0.000	-0.040	1.006187582	0	1
0.000	-0.036	1.006199094	0	1
0.000	-0.031	1.006202129	0	1
0.000	-0.027	1.006195176	0	1
0.000	-0.022	1.006189495	0	1
0.000	-0.018	1.006149719	0	1
0.000	-0.013	1.006169908	0	1
0.000	-0.009	1.006174256	0	1
0.000	-0.004	1.006174647	0	1
0.000	0.004	1.006176941	0	1
0.000	0.009	1.006176390	0	1
0.000	0.013	1.006178844	0	1
0.000	0.018	1.006181329	0	1
0.000	0.022	1.006179265	0	1
0.000	0.027	1.006177463	0	1
0.000	0.031	1.006170550	0	1
0.000	0.036	1.006141905	0	1
0.000	0.040	1.006193161	0	1
0.000	0.045	1.006198892	0	1
0.000	0.049	1.006219572	0	1
0.000	0.054	1.006173564	0	1
0.000	0.058	1.006166181	0	1
0.000	0.063	1.006166641	0	1
0.000	0.067	1.006134742	0	1
0.000	0.072	1.006165199	0	1
0.000	0.076	1.006162153	0	1
0.000	0.081	1.006163737	0	1
0.000	0.085	1.006113611	0	1
0.000	0.090	1.006148157	0	1
0.000	0.094	1.006135913	0	1
0.000	0.099	1.006170529	0	1
0.000	0.103	1.006176952	0	1
0.000	0.108	1.006175899	0	1
0.000	0.112	1.006170939	0	1
0.000	0.117	1.006172592	0	1
0.000	0.121	1.006172985	0	1
0.000	0.126	1.006171331	0	1
0.000	0.130	1.006171441	0	1
