Vendor ID: 0x1022
Device ID: 0x153e
Lane: 0
Time (%UI)	Voltage (V)	Duration (s)	Count	Pass
-25.000	0.000	1.002084118	5	0
-23.438	0.000	1.006185568	2	1
-21.875	0.000	1.006184005	4	1
-20.312	0.000	1.006186260	0	1
-18.750	0.000	1.006175959	0	1
-17.188	0.000	1.006183173	0	1
-15.625	0.000	1.006187111	0	1
-14.062	0.000	1.006185086	0	1
-12.500	0.000	1.006186810	0	1
-10.938	0.000	1.006187201	0	1
-9.375	0.000	1.006183454	0	1
-7.812	0.000	1.006182753	0	1
-6.250	0.000	1.006184485	0	1
-4.688	0.000	1.006181901	0	1
-3.125	0.000	1.006179888	0	1
-1.562	0.000	1.006183484	0	1
1.562	0.000	1.006183643	0	1
3.125	0.000	1.006184375	0	1
4.688	0.000	1.006183593	0	1
6.250	0.000	1.006182683	0	1
7.812	0.000	1.006184115	0	1
9.375	0.000	1.006182111	0	1
10.938	0.000	1.006186459	0	1
12.500	0.000	1.006182371	0	1
14.062	0.000	1.006180548	0	1
15.625	0.000	1.006186820	2	1
17.188	0.000	1.002083936	5	0
18.750	0.000	1.002082534	5	0
20.312	0.000	1.002083155	5	0
21.875	0.000	1.002087543	5	0
23.438	0.000	1.002082223	5	0
25.000	0.000	1.002084598	5	0
0.000	-0.130	1.002083406	5	0
0.000	-0.126	1.002082954	5	0
0.000	-0.121	1.002081583	5	0
0.000	-0.117	1.002084889	5	0
0.000	-0.112	1.002082614	5	0
0.000	-0.108	1.002083485	5	0
0.000	-0.103	1.002082454	5	0
0.000	-0.099	1.006186018	4	1
0.000	-0.094	1.006186679	2	1
0.000	-0.090	1.006184296	2	1
0.000	-0.085	1.006185276	0	1
0.000	-0.081	1.006188524	0	1
0.000	-0.076	1.006186369	0	1
0.000	-0.072	1.006183524	0	1
0.000	-0.067	1.006186509	0	1
0.000	-0.063	1.006186038	0	1
0.000	-0.058	1.006185609	0	1
0.000	-0.054	1.006184466	0	1
0.000	-0.049	1.006184054	0	1
0.000	-0.045	1.006183373	0	1
0.000	-0.040	1.006186760	0	1
0.000	-0.036	1.006184816	0	1
0.000	-0.031	1.006185067	0	1
0.000	-0.027	1.006180088	0	1
0.000	-0.022	1.006187381	0	1
0.000	-0.018	1.006183423	0	1
0.000	-0.013	1.006180327	0	1
0.000	-0.009	1.006180578	0	1
0.000	-0.004	1.006178896	0	1
0.000	0.004	1.006181501	0	1
0.000	0.009	1.006182331	0	1
0.000	0.013	1.006180809	0	1
0.000	0.018	1.006179296	0	1
0.000	0.022	1.006182732	0	1
0.000	0.027	1.006183003	0	1
0.000	0.031	1.006179176	0	1
0.000	0.036	1.006179596	0	1
0.000	0.040	1.006177011	0	1
0.000	0.045	1.006177763	0	1
0.000	0.049	1.006178263	0	1
0.000	0.054	1.006180058	0	1
0.000	0.058	1.006178143	0	1
0.000	0.063	1.006178154	0	1
0.000	0.067	1.006156303	0	1
0.000	0.072	1.006175950	0	1
0.000	0.076	1.006178866	0	1
0.000	0.081	1.006180157	0	1
0.000	0.085	1.006181099	0	1
0.000	0.090	1.006181139	2	1
0.000	0.094	1.006178474	0	1
0.000	0.099	1.002081382	5	0
0.000	0.103	1.002080391	5	0
0.000	0.108	1.002079229	5	0
0.000	0.112	1.002090459	5	0
0.000	0.117	1.002099206	5	0
0.000	0.121	1.002086492	5	0
0.000	0.126	1.002113413	5	0
0.000	0.130	1.002105798	5	0
