Vendor ID: 0x1344
Device ID: 0x51c3
Lane: 2
Time (%UI)	Voltage (V)	Duration (s)	Count	Pass
-50.000	0.000	0.001010860	31	0
-48.438	0.000	0.001010370	31	0
-46.875	0.000	0.001010639	31	0
-45.312	0.000	0.001010429	31	0
-43.750	0.000	0.001010690	31	0
-42.188	0.000	0.001010289	31	0
-40.625	0.000	0.001010349	31	0
-39.062	0.000	0.001010229	31	0
-37.500	0.000	0.001010370	31	0
-35.938	0.000	0.001010279	31	0
-34.375	0.000	0.001011021	31	0
-32.812	0.000	0.001010149	31	0
-31.250	0.000	0.001010119	15	0
-29.688	0.000	1.002075631	31	0
-28.125	0.000	1.006182171	3	1
-26.562	0.000	1.006165219	0	1
-25.000	0.000	1.006176581	0	1
-23.438	0.000	1.006190386	0	1
-21.875	0.000	1.006178975	0	1
-20.312	0.000	1.006180378	0	1
-18.750	0.000	1.006083293	0	1
-17.188	0.000	1.006175889	0	1
-15.625	0.000	1.006172634	0	1
-14.062	0.000	1.006181240	0	1
-12.500	0.000	1.006181029	0	1
-10.938	0.000	1.006142736	0	1
-9.375	0.000	1.006175108	0	1
-7.812	0.000	1.006179206	0	1
-6.250	0.000	1.006177311	0	1
-4.688	0.000	1.006177493	0	1
-3.125	0.000	1.006164117	0	1
-1.562	0.000	1.006175137	0	1
1.562	0.000	1.006172482	0	1
3.125	0.000	1.006177012	0	1
4.688	0.000	1.006180178	0	1
6.250	0.000	1.006168525	0	1
7.812	0.000	1.006180047	0	1
9.375	0.000	1.006183494	0	1
10.938	0.000	1.006178374	0	1
12.500	0.000	1.006180578	0	1
14.062	0.000	1.006175840	0	1
15.625	0.000	1.006178784	1	1
17.188	0.000	1.002036096	31	0
18.750	0.000	1.002078907	31	0
20.312	0.000	0.001032300	6	0
21.875	0.000	0.001014086	25	0
23.438	0.000	0.001014607	31	0
25.000	0.000	0.001013345	31	0
26.562	0.000	0.001012733	31	0
28.125	0.000	0.001012604	31	0
29.688	0.000	0.001012484	31	0
31.250	0.000	0.001013124	31	0
32.812	0.000	0.001011802	31	0
34.375	0.000	0.001011832	31	0
35.938	0.000	0.001011561	31	0
37.500	0.000	0.001011482	31	0
39.062	0.000	0.001011341	31	0
40.625	0.000	0.001011442	31	0
42.188	0.000	0.001011121	31	0
43.750	0.000	0.001011030	31	0
45.312	0.000	0.001010800	31	0
46.875	0.000	0.001010720	31	0
48.438	0.000	0.001011161	31	0
50.000	0.000	0.001011541	31	0
0.000	-0.380	0.001010700	31	0
0.000	-0.377	0.001010770	31	0
0.000	-0.374	0.001010840	31	0
0.000	-0.371	0.001010740	31	0
0.000	-0.368	0.001010700	31	0
0.000	-0.365	0.001010800	31	0
0.000	-0.362	0.001010500	31	0
0.000	-0.359	0.001010359	31	0
0.000	-0.356	0.001010589	31	0
0.000	-0.353	0.001012363	31	0
0.000	-0.350	0.001010359	31	0
0.000	-0.347	0.001010199	31	0
0.000	-0.344	0.001010088	31	0
0.000	-0.341	0.001010379	31	0
0.000	-0.338	0.001010509	31	0
0.000	-0.335	0.001010469	31	0
0.000	-0.332	0.001010209	31	0
0.000	-0.329	0.001009978	31	0
0.000	-0.326	0.001010079	31	0
0.000	-0.323	0.001009948	31	0
0.000	-0.320	0.001010049	31	0
0.000	-0.317	0.001010128	31	0
0.000	-0.314	0.001010700	31	0
0.000	-0.311	0.001009718	31	0
0.000	-0.308	0.001009567	31	0
0.000	-0.305	0.001009578	31	0
0.000	-0.302	0.001009517	31	0
0.000	-0.299	0.001009627	31	0
0.000	-0.296	0.001010389	31	0
0.000	-0.293	0.001009648	31	0
0.000	-0.290	0.001009408	31	0
0.000	-0.287	0.001009217	31	0
0.000	-0.284	0.001009087	31	0
0.000	-0.281	0.001008916	31	0
0.000	-0.278	0.001009868	31	0
0.000	-0.275	0.001009186	31	0
0.000	-0.272	0.001009257	31	0
0.000	-0.269	0.001009318	31	0
0.000	-0.266	0.001009508	31	0
0.000	-0.263	0.001009177	31	0
0.000	-0.260	0.001009217	31	0
0.000	-0.257	0.001009257	31	0
0.000	-0.254	0.001009367	31	0
0.000	-0.251	0.001011211	31	0
0.000	-0.248	0.001009117	31	0
0.000	-0.245	0.001009057	31	0
0.000	-0.242	0.001009106	31	0
0.000	-0.239	0.001009348	31	0
0.000	-0.236	0.001009057	31	0
0.000	-0.233	0.001009177	31	0
0.000	-0.230	0.001009127	31	0
0.000	-0.227	0.001011051	31	0
0.000	-0.224	0.001009037	31	0
0.000	-0.221	0.001008967	31	0
0.000	-0.218	0.001009627	31	0
0.000	-0.215	0.001009618	31	0
0.000	-0.212	0.001010520	31	0
0.000	-0.209	0.001009598	31	0
0.000	-0.206	0.001009397	31	0
0.000	-0.203	0.001009578	31	0
0.000	-0.200	0.001009578	31	0
0.000	-0.197	0.001010409	31	0
0.000	-0.194	0.001009347	31	0
0.000	-0.191	0.001009618	31	0
0.000	-0.189	0.001009808	31	0
0.000	-0.186	0.001009567	31	0
0.000	-0.183	0.001010439	31	0
0.000	-0.180	0.001009528	31	0
0.000	-0.177	0.001009397	31	0
0.000	-0.174	0.001009808	31	0
0.000	-0.171	0.001009378	31	0
0.000	-0.168	0.001010450	31	0
0.000	-0.165	0.001009688	31	0
0.000	-0.162	0.001009428	31	0
0.000	-0.159	0.001009498	31	0
0.000	-0.156	0.001009588	31	0
0.000	-0.153	0.001009508	31	0
0.000	-0.150	0.001009497	31	0
0.000	-0.147	0.001009427	31	0
0.000	-0.144	0.001009518	31	0
0.000	-0.141	0.001009578	31	0
0.000	-0.138	0.001009627	31	0
0.000	-0.135	0.001009438	31	0
0.000	-0.132	0.001009527	31	0
0.000	-0.129	0.001009468	31	0
0.000	-0.126	0.001009518	31	0
0.000	-0.123	0.001009788	21	0
0.000	-0.120	0.001009538	5	0
0.000	-0.117	0.001009688	16	0
0.000	-0.114	0.001009588	16	0
0.000	-0.111	0.001009447	8	0
0.000	-0.108	1.002072094	31	0
0.000	-0.105	1.002077414	31	0
0.000	-0.102	1.002076122	31	0
0.000	-0.099	1.002075692	31	0
0.000	-0.096	1.002075330	21	0
0.000	-0.093	1.002079798	30	0
0.000	-0.090	1.002075612	10	0
0.000	-0.087	1.006174717	2	1
0.000	-0.084	1.006175188	0	1
0.000	-0.081	1.006173806	0	1
0.000	-0.078	1.006171501	0	1
0.000	-0.075	1.006169487	0	1
0.000	-0.072	1.006173575	0	1
0.000	-0.069	1.006172492	0	1
0.000	-0.066	1.006170819	0	1
0.000	-0.063	1.006173195	0	1
0.000	-0.060	1.006171872	0	1
0.000	-0.057	1.006170719	0	1
0.000	-0.054	1.006171190	0	1
0.000	-0.051	1.006171019	0	1
0.000	-0.048	1.006171121	0	1
0.000	-0.045	1.006170299	0	1
0.000	-0.042	1.006173074	0	1
0.000	-0.039	1.006169748	0	1
0.000	-0.036	1.006171121	0	1
0.000	-0.033	1.006172393	0	1
0.000	-0.030	1.006174316	0	1
0.000	-0.027	1.006145411	0	1
0.000	-0.024	1.006171611	0	1
0.000	-0.021	1.006174225	0	1
0.000	-0.018	1.006175790	0	1
0.000	-0.015	1.006174266	0	1
0.000	-0.012	1.006176179	0	1
0.000	-0.009	1.006174796	0	1
0.000	-0.006	1.006170429	0	1
0.000	-0.003	1.006176951	0	1
0.000	0.003	1.006171802	0	1
0.000	0.006	1.006168064	0	1
0.000	0.009	1.006172022	0	1
0.000	0.012	1.006172283	0	1
0.000	0.015	1.006072834	0	1
0.000	0.018	1.006166121	0	1
0.000	0.021	1.006174807	0	1
0.000	0.024	1.006172864	0	1
0.000	0.027	1.006181660	0	1
0.000	0.030	1.006132868	0	1
0.000	0.033	1.006138067	0	1
0.000	0.036	1.006169366	0	1
0.000	0.039	1.006169938	0	1
0.000	0.042	1.006158456	0	1
0.000	0.045	1.006152555	0	1
0.000	0.048	1.006172593	0	1
0.000	0.051	1.006174607	0	1
0.000	0.054	1.006176450	0	1
0.000	0.057	1.006155109	0	1
0.000	0.060	1.006150110	0	1
0.000	0.063	1.006178365	0	1
0.000	0.066	1.006174377	0	1
0.000	0.069	1.006174196	0	1
0.000	0.072	1.006175408	0	1
0.000	0.075	1.006170299	0	1
0.000	0.078	1.006171180	0	1
0.000	0.081	1.006175078	0	1
0.000	0.084	1.006178063	0	1
0.000	0.087	1.006177252	0	1
0.000	0.090	1.006178895	1	1
0.000	0.093	1.002084317	5	0
0.000	0.096	1.006176922	2	1
0.000	0.099	1.002078215	25	0
0.000	0.102	1.002080079	31	0
0.000	0.105	1.002079458	31	0
0.000	0.108	1.002072164	31	0
0.000	0.111	1.002074380	31	0
0.000	0.114	1.002077885	31	0
0.000	0.117	1.002078667	31	0
0.000	0.120	0.001013846	6	0
0.000	0.123	0.001013315	29	0
0.000	0.126	0.001013586	31	0
0.000	0.129	0.001012874	31	0
0.000	0.132	0.001012533	31	0
0.000	0.135	0.001012353	31	0
0.000	0.138	0.001012062	31	0
0.000	0.141	0.001012042	31	0
0.000	0.144	0.001011852	31	0
0.000	0.147	0.001011542	31	0
0.000	0.150	0.001011401	31	0
0.000	0.153	0.001011271	31	0
0.000	0.156	0.001011451	31	0
0.000	0.159	0.001011351	31	0
0.000	0.162	0.001010890	31	0
0.000	0.165	0.001010829	31	0
0.000	0.168	0.001011071	31	0
0.000	0.171	0.001011441	31	0
0.000	0.174	0.001010940	31	0
0.000	0.177	0.001010640	31	0
0.000	0.180	0.001010640	31	0
0.000	0.183	0.001010610	31	0
0.000	0.186	0.001010439	31	0
0.000	0.189	0.001010920	31	0
0.000	0.191	0.001010820	31	0
0.000	0.194	0.001010430	31	0
0.000	0.197	0.001010369	31	0
0.000	0.200	0.001010530	31	0
0.000	0.203	0.001011241	31	0
0.000	0.206	0.001010249	31	0
0.000	0.209	0.001010229	31	0
0.000	0.212	0.001010249	31	0
0.000	0.215	0.001010359	31	0
0.000	0.218	0.001010409	31	0
0.000	0.221	0.001010118	31	0
0.000	0.224	0.001010119	31	0
0.000	0.227	0.001010128	31	0
0.000	0.230	0.001010399	31	0
0.000	0.233	0.001010099	31	0
0.000	0.236	0.001010048	31	0
0.000	0.239	0.001010039	31	0
0.000	0.242	0.001010028	31	0
0.000	0.245	0.001009929	31	0
0.000	0.248	0.001010950	31	0
0.000	0.251	0.001010039	31	0
0.000	0.254	0.001009968	31	0
0.000	0.257	0.001010079	31	0
0.000	0.260	0.001010209	31	0
0.000	0.263	0.001010169	31	0
0.000	0.266	0.001009938	31	0
0.000	0.269	0.001009918	31	0
0.000	0.272	0.001009918	31	0
0.000	0.275	0.001010199	31	0
0.000	0.278	0.001010309	31	0
0.000	0.281	0.001009898	31	0
0.000	0.284	0.001009899	31	0
0.000	0.287	0.001011561	31	0
0.000	0.290	0.001009738	31	0
0.000	0.293	0.001010168	31	0
0.000	0.296	0.001009938	31	0
0.000	0.299	0.001009858	31	0
0.000	0.302	0.001009928	31	0
0.000	0.305	0.001009628	31	0
0.000	0.308	0.001014988	31	0
0.000	0.311	0.001009758	31	0
0.000	0.314	0.001009808	31	0
0.000	0.317	0.001010550	31	0
0.000	0.320	0.001010009	31	0
0.000	0.323	0.001009718	31	0
0.000	0.326	0.001009697	31	0
0.000	0.329	0.001009778	31	0
0.000	0.332	0.001010489	31	0
0.000	0.335	0.001010119	31	0
0.000	0.338	0.001009729	31	0
0.000	0.341	0.001009728	31	0
0.000	0.344	0.001009808	31	0
0.000	0.347	0.001010479	31	0
0.000	0.350	0.001010069	31	0
0.000	0.353	0.001009678	31	0
0.000	0.356	0.001009758	31	0
0.000	0.359	0.001009747	31	0
0.000	0.362	0.001010539	31	0
0.000	0.365	0.001010058	31	0
0.000	0.368	0.001009688	31	0
0.000	0.371	0.001010420	31	0
0.000	0.374	0.001009778	31	0
0.000	0.377	0.001009758	31	0
0.000	0.380	0.001009879	31	0
