Vendor ID: 0x1022
Device ID: 0x153e
Lane: 3
Time (%UI)	Voltage (V)	Duration (s)	Count	Pass
-25.000	0.000	1.006174517	3	1
-23.438	0.000	1.006177983	0	1
-21.875	0.000	1.006179155	0	1
-20.312	0.000	1.006171611	0	1
-18.750	0.000	1.006174888	0	1
-17.188	0.000	1.006172694	0	1
-15.625	0.000	1.006172192	0	1
-14.062	0.000	1.006176651	0	1
-12.500	0.000	1.006171742	0	1
-10.938	0.000	1.006172001	0	1
-9.375	0.000	1.006173084	0	1
-7.812	0.000	1.006175770	0	1
-6.250	0.000	1.006174827	0	1
-4.688	0.000	1.006173345	0	1
-3.125	0.000	1.006179766	0	1
-1.562	0.000	1.006173645	0	1
1.562	0.000	1.006172283	0	1
3.125	0.000	1.006175429	0	1
4.688	0.000	1.006167363	0	1
6.250	0.000	1.006173465	0	1
7.812	0.000	1.006179687	0	1
9.375	0.000	1.006173525	0	1
10.938	0.000	1.006172784	0	1
12.500	0.000	1.006171351	0	1
14.062	0.000	1.006177973	0	1
15.625	0.000	1.006174447	1	1
17.188	0.000	1.002075651	5	0
18.750	0.000	1.002079208	5	0
20.312	0.000	1.002081362	5	0
21.875	0.000	1.002078697	5	0
23.438	0.000	1.002082764	5	0
25.000	0.000	1.002085670	5	0
0.000	-0.130	1.002082093	5	0
0.000	-0.126	1.002077295	5	0
0.000	-0.121	1.002081292	5	0
0.000	-0.117	1.002087614	5	0
0.000	-0.112	1.002071574	5	0
0.000	-0.108	1.002075751	5	0
0.000	-0.103	1.006163667	2	1
0.000	-0.099	1.006172372	3	1
0.000	-0.094	1.006171040	0	1
0.000	-0.090	1.006173375	0	1
0.000	-0.085	1.006175649	0	1
0.000	-0.081	1.006150261	0	1
0.000	-0.076	1.006172052	0	1
0.000	-0.072	1.006175969	0	1
0.000	-0.067	1.006166501	0	1
0.000	-0.063	1.006173725	0	1
0.000	-0.058	1.006174697	0	1
0.000	-0.054	1.006174286	0	1
0.000	-0.049	1.006177783	0	1
0.000	-0.045	1.006158015	0	1
0.000	-0.040	1.006174086	0	1
0.000	-0.036	1.006178134	0	1
0.000	-0.031	1.006185858	0	1
0.000	-0.027	1.006176159	0	1
0.000	-0.022	1.006170499	0	1
0.000	-0.018	1.006172503	0	1
0.000	-0.013	1.006176720	0	1
0.000	-0.009	1.006174727	0	1
0.000	-0.004	1.006175649	0	1
0.000	0.004	1.006172403	0	1
0.000	0.009	1.006171682	0	1
0.000	0.013	1.006173855	0	1
0.000	0.018	1.006174616	0	1
0.000	0.022	1.006174417	0	1
0.000	0.027	1.006160169	0	1
0.000	0.031	1.006176210	0	1
0.000	0.036	1.006183745	0	1
0.000	0.040	1.006176651	0	1
0.000	0.045	1.006175769	0	1
0.000	0.049	1.006169286	0	1
0.000	0.054	1.006164558	0	1
0.000	0.058	1.006164237	0	1
0.000	0.063	1.006149229	0	1
0.000	0.067	1.006168535	0	1
0.000	0.072	1.006160400	0	1
0.000	0.076	1.006157675	0	1
0.000	0.081	1.006157995	0	1
0.000	0.085	1.006170329	0	1
0.000	0.090	1.006173074	1	1
0.000	0.094	1.006173013	0	1
0.000	0.099	1.002078466	5	0
0.000	0.103	1.002085399	5	0
0.000	0.108	1.002085480	5	0
0.000	0.112	1.002084448	5	0
0.000	0.117	1.002081131	5	0
0.000	0.121	1.002056505	5	0
0.000	0.126	1.002076462	5	0
0.000	0.130	1.002073707	5	0
