Vendor ID: 0x25e
Device ID: 0x2b59
Lane: 2
Time (%UI)	Voltage (V)	Duration (s)	Count	Pass
-50.000	0.000	0.001017492	5	0
-48.276	0.000	0.001010580	5	0
-46.552	0.000	0.001089349	5	0
-44.828	0.000	0.001012143	5	0
-43.103	0.000	0.001012213	5	0
-41.379	0.000	0.001013264	5	0
-39.655	0.000	0.001014107	5	0
-37.931	0.000	0.001011632	5	0
-36.207	0.000	0.001015388	5	0
-34.483	0.000	0.001009958	5	0
-32.759	0.000	0.001303246	5	0
-31.034	0.000	0.001013936	5	0
-29.310	0.000	0.001617362	5	0
-27.586	0.000	0.001343211	5	0
-25.862	0.000	0.001321160	5	0
-24.138	0.000	0.001259542	5	0
-22.414	0.000	0.001389609	5	0
-20.690	0.000	1.002324163	5	0
-18.966	0.000	1.002111870	5	0
-17.241	0.000	1.002078626	5	0
-15.517	0.000	1.002077835	5	0
-13.793	0.000	1.002079898	5	0
-12.069	0.000	1.002083126	5	0
-10.345	0.000	1.002080221	5	0
-8.621	0.000	1.006184746	3	1
-6.897	0.000	1.006183003	3	1
-5.172	0.000	1.006177463	2	1
-3.448	0.000	1.006179196	1	1
-1.724	0.000	1.006181741	0	1
1.724	0.000	1.006183675	0	1
3.448	0.000	1.006177912	0	1
5.172	0.000	1.006179526	0	1
6.897	0.000	1.006179866	0	1
8.621	0.000	1.006176851	0	1
10.345	0.000	1.006179486	0	1
12.069	0.000	1.006178644	0	1
13.793	0.000	1.006179626	0	1
15.517	0.000	1.006176881	3	1
17.241	0.000	1.002081954	5	0
18.966	0.000	1.002082344	5	0
20.690	0.000	1.002033141	5	0
22.414	0.000	1.002074229	5	0
24.138	0.000	1.002092834	5	0
25.862	0.000	1.002965772	5	0
27.586	0.000	0.001015498	5	0
29.310	0.000	0.001023695	5	0
31.034	0.000	0.001017312	5	0
32.759	0.000	0.001015890	5	0
34.483	0.000	0.001025649	5	0
36.207	0.000	0.001132131	5	0
37.931	0.000	0.001300270	5	0
39.655	0.000	0.001293607	5	0
41.379	0.000	0.001310730	5	0
43.103	0.000	0.001293477	5	0
44.828	0.000	0.001297344	5	0
46.552	0.000	0.001306842	5	0
48.276	0.000	0.001305740	5	0
50.000	0.000	0.001315679	5	0
0.000	-0.080	1.002032710	5	0
0.000	-0.077	1.002032409	5	0
0.000	-0.075	1.002063909	5	0
0.000	-0.072	1.002031026	5	0
0.000	-0.070	1.002035045	5	0
0.000	-0.068	1.002033451	5	0
0.000	-0.065	1.002030034	5	0
0.000	-0.062	1.002032378	5	0
0.000	-0.060	1.002031677	5	0
0.000	-0.058	1.002032799	5	0
0.000	-0.055	1.002031878	5	0
0.000	-0.052	1.002031316	5	0
0.000	-0.050	1.002030355	5	0
0.000	-0.048	1.002023932	5	0
0.000	-0.045	1.002028631	5	0
0.000	-0.043	1.002029924	5	0
0.000	-0.040	1.006075860	3	1
0.000	-0.037	1.002032919	5	0
0.000	-0.035	1.002065232	5	0
0.000	-0.033	1.002077635	5	0
0.000	-0.030	1.006177292	0	1
0.000	-0.028	1.006199795	1	1
0.000	-0.025	1.006182241	2	1
0.000	-0.022	1.006195407	2	1
0.000	-0.020	1.006169647	1	1
0.000	-0.018	1.006191218	0	1
0.000	-0.015	1.006140883	0	1
0.000	-0.013	1.006198753	0	1
0.000	-0.010	1.006167984	0	1
0.000	-0.007	1.006141825	0	1
0.000	-0.005	1.006196640	0	1
0.000	-0.003	1.006191770	0	1
0.000	0.003	1.006195216	0	1
0.000	0.005	1.006184526	0	1
0.000	0.007	1.006195246	0	1
0.000	0.010	1.006177302	0	1
0.000	0.013	1.006174597	0	1
0.000	0.015	1.006168986	0	1
0.000	0.018	1.006204182	0	1
0.000	0.020	1.006176871	0	1
0.000	0.022	1.006201278	0	1
0.000	0.025	1.006173214	0	1
0.000	0.028	1.006199274	0	1
0.000	0.030	1.006183072	0	1
0.000	0.033	1.006179616	1	1
0.000	0.035	1.006175688	3	1
0.000	0.037	1.002080490	5	0
0.000	0.040	1.006167803	2	1
0.000	0.043	1.002078066	5	0
0.000	0.045	1.002079449	5	0
0.000	0.048	1.002082966	5	0
0.000	0.050	1.002081933	5	0
0.000	0.052	1.002087132	5	0
0.000	0.055	1.002079399	5	0
0.000	0.058	1.002082715	5	0
0.000	0.060	1.002085880	5	0
0.000	0.062	1.002081291	5	0
0.000	0.065	1.002079458	5	0
0.000	0.068	1.002078968	5	0
0.000	0.070	1.002079538	5	0
0.000	0.072	1.002088375	5	0
0.000	0.075	1.002211549	5	0
0.000	0.077	1.002948218	5	0
0.000	0.080	1.002082704	5	0
