Vendor ID: 0x25e
Device ID: 0x2b59
Lane: 3
Time (%UI)	Voltage (V)	Duration (s)	Count	Pass
-50.000	0.000	0.001021790	5	0
-48.276	0.000	0.001015879	5	0
-46.552	0.000	0.001015859	5	0
-44.828	0.000	0.001011882	5	0
-43.103	0.000	0.001031188	5	0
-41.379	0.000	0.001011551	5	0
-39.655	0.000	0.001013766	5	0
-37.931	0.000	0.001015399	5	0
-36.207	0.000	0.001016581	5	0
-34.483	0.000	0.001020228	5	0
-32.759	0.000	0.001014737	5	0
-31.034	0.000	0.001009938	5	0
-29.310	0.000	0.001330828	5	0
-27.586	0.000	1.002397764	5	0
-25.862	0.000	0.001015970	5	0
-24.138	0.000	1.002077505	5	0
-22.414	0.000	0.001013635	5	0
-20.690	0.000	1.002106900	5	0
-18.966	0.000	1.002077634	5	0
-17.241	0.000	1.002085540	5	0
-15.517	0.000	1.002584768	5	0
-13.793	0.000	1.002079157	5	0
-12.069	0.000	1.006173304	2	1
-10.345	0.000	1.006178615	4	1
-8.621	0.000	1.006178073	1	1
-6.897	0.000	1.006181170	0	1
-5.172	0.000	1.006187281	0	1
-3.448	0.000	1.006189175	0	1
-1.724	0.000	1.006197240	0	1
1.724	0.000	1.006200616	0	1
3.448	0.000	1.006208121	0	1
5.172	0.000	1.006195267	0	1
6.897	0.000	1.006207139	0	1
8.621	0.000	1.006198882	0	1
10.345	0.000	1.006181550	0	1
12.069	0.000	1.002080290	5	0
13.793	0.000	1.002076433	5	0
15.517	0.000	1.002086532	5	0
17.241	0.000	1.002084248	5	0
18.966	0.000	1.002085561	5	0
20.690	0.000	1.002086863	5	0
22.414	0.000	1.002268006	5	0
24.138	0.000	1.002082745	5	0
25.862	0.000	0.001014537	5	0
27.586	0.000	0.001018074	5	0
29.310	0.000	0.001208405	5	0
31.034	0.000	0.001018084	5	0
32.759	0.000	0.001013084	5	0
34.483	0.000	0.001013435	5	0
36.207	0.000	0.001019216	5	0
37.931	0.000	0.001015098	5	0
39.655	0.000	0.001010920	5	0
41.379	0.000	0.001010208	5	0
43.103	0.000	0.001209287	5	0
44.828	0.000	0.001300641	5	0
46.552	0.000	0.001313775	5	0
48.276	0.000	0.001317803	5	0
50.000	0.000	0.001320628	5	0
0.000	-0.080	1.002093845	5	0
0.000	-0.077	1.003204925	5	0
0.000	-0.075	1.002110547	5	0
0.000	-0.072	1.002079639	5	0
0.000	-0.070	1.002695078	5	0
0.000	-0.068	1.002073247	5	0
0.000	-0.065	1.002079428	5	0
0.000	-0.062	1.002079108	5	0
0.000	-0.060	1.002062195	5	0
0.000	-0.058	1.002066974	5	0
0.000	-0.055	1.002104185	5	0
0.000	-0.052	1.002086481	5	0
0.000	-0.050	1.002087322	5	0
0.000	-0.048	1.002075310	5	0
0.000	-0.045	1.002082494	5	0
0.000	-0.043	1.006177082	4	1
0.000	-0.040	1.002088275	5	0
0.000	-0.037	1.002082243	5	0
0.000	-0.035	1.006133949	3	1
0.000	-0.033	1.006186980	0	1
0.000	-0.030	1.006192741	1	1
0.000	-0.028	1.006188954	2	1
0.000	-0.025	1.006187120	3	1
0.000	-0.022	1.006181339	0	1
0.000	-0.020	1.006187962	0	1
0.000	-0.018	1.006186399	0	1
0.000	-0.015	1.006188954	0	1
0.000	-0.013	1.006187721	0	1
0.000	-0.010	1.006160450	0	1
0.000	-0.007	1.006186490	0	1
0.000	-0.005	1.006189616	0	1
0.000	-0.003	1.006192231	0	1
0.000	0.003	1.006189275	0	1
0.000	0.005	1.006182212	0	1
0.000	0.007	1.006187681	0	1
0.000	0.010	1.006190628	0	1
0.000	0.013	1.006194885	0	1
0.000	0.015	1.006197780	0	1
0.000	0.018	1.006181460	0	1
0.000	0.020	1.006185057	0	1
0.000	0.022	1.006181189	0	1
0.000	0.025	1.006185528	0	1
0.000	0.028	1.006189435	0	1
0.000	0.030	1.006176099	2	1
0.000	0.033	1.006184586	2	1
0.000	0.035	1.002068056	5	0
0.000	0.037	1.006157143	4	1
0.000	0.040	1.002083296	5	0
0.000	0.043	1.002084588	5	0
0.000	0.045	1.002070351	5	0
0.000	0.048	1.002078627	5	0
0.000	0.050	1.002079699	5	0
0.000	0.052	1.002081001	5	0
0.000	0.055	1.002085741	5	0
0.000	0.058	1.002086982	5	0
0.000	0.060	1.002085028	5	0
0.000	0.062	1.002084959	5	0
0.000	0.065	1.002108915	5	0
0.000	0.068	1.002093165	5	0
0.000	0.070	1.002083657	5	0
0.000	0.072	1.002083696	5	0
0.000	0.075	1.002083626	5	0
0.000	0.077	1.002091501	5	0
0.000	0.080	0.001172227	5	0
