Vendor ID: 0x1987
Device ID: 0x5302
Lane: 0
Time (%UI)	Voltage (V)	Duration (s)	Count	Pass
-50.000	0.000	0.001008816	31	0
-48.387	0.000	0.001008396	31	0
-46.774	0.000	0.001008706	31	0
-45.161	0.000	0.001008666	31	0
-43.548	0.000	0.001008455	31	0
-41.935	0.000	0.001009408	31	0
-40.323	0.000	0.001008626	31	0
-38.710	0.000	0.001009667	31	0
-37.097	0.000	0.001008616	11	0
-35.484	0.000	0.001008445	8	0
-33.871	0.000	0.001008356	7	0
-32.258	0.000	1.002072545	7	0
-30.645	0.000	1.002077615	5	0
-29.032	0.000	1.002077715	6	0
-27.419	0.000	1.006173384	3	1
-25.806	0.000	1.006176269	0	1
-24.194	0.000	1.006173015	0	1
-22.581	0.000	1.006172804	0	1
-20.968	0.000	1.006173174	0	1
-19.355	0.000	1.006177862	0	1
-17.742	0.000	1.006175148	0	1
-16.129	0.000	1.006175468	0	1
-14.516	0.000	1.006175118	0	1
-12.903	0.000	1.006172933	0	1
-11.290	0.000	1.006175599	0	1
-9.677	0.000	1.006174456	0	1
-8.065	0.000	1.006173676	0	1
-6.452	0.000	1.006173745	0	1
-4.839	0.000	1.006174938	0	1
-3.226	0.000	1.006169206	0	1
-1.613	0.000	1.006173745	0	1
1.613	0.000	1.006172262	0	1
3.226	0.000	1.006175509	0	1
4.839	0.000	1.006171961	0	1
6.452	0.000	1.006172171	0	1
8.065	0.000	1.006174496	0	1
9.677	0.000	1.006174998	0	1
11.290	0.000	1.006173374	0	1
12.903	0.000	1.006174115	0	1
14.516	0.000	1.006172773	0	1
16.129	0.000	1.006172202	0	1
17.742	0.000	1.006173876	0	1
19.355	0.000	1.006172843	0	1
20.968	0.000	1.006169186	0	1
22.581	0.000	1.006171541	0	1
24.194	0.000	1.006173505	0	1
25.806	0.000	1.006164818	0	1
27.419	0.000	1.006167965	0	1
29.032	0.000	1.006148106	0	1
30.645	0.000	1.006170509	1	1
32.258	0.000	1.002028212	7	0
33.871	0.000	1.002064370	6	0
35.484	0.000	1.002074058	7	0
37.097	0.000	0.001013775	11	0
38.710	0.000	0.001013345	6	0
40.323	0.000	0.001012884	7	0
41.935	0.000	0.001012523	8	0
43.548	0.000	0.001012764	31	0
45.161	0.000	0.001012353	31	0
46.774	0.000	0.001012022	31	0
48.387	0.000	0.001011631	31	0
50.000	0.000	0.001011592	31	0
0.000	-0.500	0.001011772	31	0
0.000	-0.496	0.001011381	31	0
0.000	-0.492	0.001011311	31	0
0.000	-0.488	0.001011311	31	0
0.000	-0.484	0.001011170	31	0
0.000	-0.480	0.001011131	31	0
0.000	-0.476	0.001012012	31	0
0.000	-0.472	0.001010850	31	0
0.000	-0.469	0.001010699	31	0
0.000	-0.465	1.006172794	0	1
0.000	-0.461	0.001013455	31	0
0.000	-0.457	0.001013024	31	0
0.000	-0.453	0.001012623	31	0
0.000	-0.449	1.006171732	0	1
0.000	-0.445	0.001013455	31	0
0.000	-0.441	0.001013014	31	0
0.000	-0.437	0.001012924	31	0
0.000	-0.433	0.001012353	31	0
0.000	-0.429	0.001012182	31	0
0.000	-0.425	0.001012202	31	0
0.000	-0.421	0.001011902	31	0
0.000	-0.417	0.001011441	31	0
0.000	-0.413	0.001011882	31	0
0.000	-0.409	0.001011942	31	0
0.000	-0.406	0.001011562	31	0
0.000	-0.402	0.001011431	31	0
0.000	-0.398	0.001011151	31	0
0.000	-0.394	0.001011230	31	0
0.000	-0.390	0.001011171	31	0
0.000	-0.386	0.001011321	31	0
0.000	-0.382	0.001010870	31	0
0.000	-0.378	0.001010829	31	0
0.000	-0.374	0.001010660	31	0
0.000	-0.370	0.001007725	31	0
0.000	-0.366	0.001012183	31	0
0.000	-0.362	0.001010290	31	0
0.000	-0.358	0.001010039	31	0
0.000	-0.354	0.001009697	31	0
0.000	-0.350	1.006159959	0	1
0.000	-0.346	0.001012263	31	0
0.000	-0.343	1.006165841	0	1
0.000	-0.339	0.001012663	31	0
0.000	-0.335	0.001012774	31	0
0.000	-0.331	1.006162363	0	1
0.000	-0.327	0.001013615	31	0
0.000	-0.323	0.001012463	31	0
0.000	-0.319	1.006169608	0	1
0.000	-0.315	0.001012834	31	0
0.000	-0.311	0.001013124	31	0
0.000	-0.307	0.001012393	31	0
0.000	-0.303	0.001011922	31	0
0.000	-0.299	0.001012473	31	0
0.000	-0.295	0.001012092	31	0
0.000	-0.291	0.001012103	31	0
0.000	-0.287	0.001011352	31	0
0.000	-0.283	0.001011301	31	0
0.000	-0.280	0.001012093	31	0
0.000	-0.276	0.001011442	31	0
0.000	-0.272	0.001011211	31	0
0.000	-0.268	0.001011050	31	0
0.000	-0.264	0.001010840	31	0
0.000	-0.260	0.001011171	31	0
0.000	-0.256	0.001011111	31	0
0.000	-0.252	0.001010810	31	0
0.000	-0.248	0.001010920	31	0
0.000	-0.244	0.001010440	31	0
0.000	-0.240	0.001011160	31	0
0.000	-0.236	0.001010610	31	0
0.000	-0.232	0.001010239	31	0
0.000	-0.228	0.001010279	31	0
0.000	-0.224	0.001010209	31	0
0.000	-0.220	0.001010921	31	0
0.000	-0.217	0.001011281	23	0
0.000	-0.213	0.001010349	23	0
0.000	-0.209	0.001010530	10	0
0.000	-0.205	0.001010229	13	0
0.000	-0.201	0.001010529	8	0
0.000	-0.197	0.001010309	8	0
0.000	-0.193	0.001010400	8	0
0.000	-0.189	0.001010148	6	0
0.000	-0.185	0.001010308	6	0
0.000	-0.181	1.002073928	6	0
0.000	-0.177	0.001014908	7	0
0.000	-0.173	1.002078075	7	0
0.000	-0.169	1.002071372	5	0
0.000	-0.165	1.002074489	13	0
0.000	-0.161	1.002077034	5	0
0.000	-0.157	1.002077315	5	0
0.000	-0.154	1.006174016	1	1
0.000	-0.150	1.006150181	0	1
0.000	-0.146	1.006168867	0	1
0.000	-0.142	1.006176961	0	1
0.000	-0.138	1.006171831	0	1
0.000	-0.134	1.006172924	0	1
0.000	-0.130	1.006166111	0	1
0.000	-0.126	1.006171199	0	1
0.000	-0.122	1.006164397	0	1
0.000	-0.118	1.006169096	0	1
0.000	-0.114	1.006163315	0	1
0.000	-0.110	1.006154228	0	1
0.000	-0.106	1.006175648	0	1
0.000	-0.102	1.006182952	0	1
0.000	-0.098	1.006184165	0	1
0.000	-0.094	1.006176270	0	1
0.000	-0.091	1.006169998	0	1
0.000	-0.087	1.006178333	0	1
0.000	-0.083	1.006174847	0	1
0.000	-0.079	1.006177773	0	1
0.000	-0.075	1.006177463	0	1
0.000	-0.071	1.006171771	0	1
0.000	-0.067	1.006174006	0	1
0.000	-0.063	1.006177913	0	1
0.000	-0.059	1.006174217	0	1
0.000	-0.055	1.006178684	0	1
0.000	-0.051	1.006180579	0	1
0.000	-0.047	1.006175979	0	1
0.000	-0.043	1.006174746	0	1
0.000	-0.039	1.006180008	0	1
0.000	-0.035	1.006177763	0	1
0.000	-0.031	1.006177683	0	1
0.000	-0.028	1.006172534	0	1
0.000	-0.024	1.006175638	0	1
0.000	-0.020	1.006179847	0	1
0.000	-0.016	1.006176070	0	1
0.000	-0.012	1.006177171	0	1
0.000	-0.008	1.006174828	0	1
0.000	-0.004	1.006176229	0	1
0.000	0.004	1.006176680	0	1
0.000	0.008	1.006174646	0	1
0.000	0.012	1.006175680	0	1
0.000	0.016	1.006177261	0	1
0.000	0.020	1.006173615	0	1
0.000	0.024	1.006175789	0	1
0.000	0.028	1.006177231	0	1
0.000	0.031	1.006179876	0	1
0.000	0.035	1.006177041	0	1
0.000	0.039	1.006176019	0	1
0.000	0.043	1.006188303	0	1
0.000	0.047	1.006179636	0	1
0.000	0.051	1.006181931	0	1
0.000	0.055	1.006173184	0	1
0.000	0.059	1.006171742	0	1
0.000	0.063	1.006171502	0	1
0.000	0.067	1.006171551	0	1
0.000	0.071	1.006170719	0	1
0.000	0.075	1.006171551	0	1
0.000	0.079	1.006170750	0	1
0.000	0.083	1.006173425	0	1
0.000	0.087	1.006174406	0	1
0.000	0.091	1.006172413	0	1
0.000	0.094	1.006173245	0	1
0.000	0.098	1.006173194	0	1
0.000	0.102	1.006177152	0	1
0.000	0.106	1.006174196	0	1
0.000	0.110	1.006174607	0	1
0.000	0.114	1.006178163	0	1
0.000	0.118	1.006174607	0	1
0.000	0.122	1.006176209	0	1
0.000	0.126	1.006171492	0	1
0.000	0.130	1.006172121	0	1
0.000	0.134	1.006171672	0	1
0.000	0.138	1.006174277	0	1
0.000	0.142	1.006172183	0	1
0.000	0.146	1.006170098	0	1
0.000	0.150	1.006171761	2	1
0.000	0.154	1.006169747	1	1
0.000	0.157	1.002073568	8	0
0.000	0.161	1.002082324	11	0
0.000	0.165	1.002085200	5	0
0.000	0.169	1.002081612	9	0
0.000	0.173	1.002075080	6	0
0.000	0.177	0.001013825	5	0
0.000	0.181	0.001013394	11	0
0.000	0.185	0.001012693	8	0
0.000	0.189	0.001012353	8	0
0.000	0.193	0.001012493	7	0
0.000	0.197	0.001012022	6	0
0.000	0.201	0.001012864	14	0
0.000	0.205	0.001011531	31	0
0.000	0.209	0.001011371	28	0
0.000	0.213	0.001011311	30	0
0.000	0.217	0.001011391	31	0
0.000	0.220	0.001012313	31	0
0.000	0.224	0.001010970	31	0
0.000	0.228	0.001010920	31	0
0.000	0.232	0.001011231	31	0
0.000	0.236	0.001010760	31	0
0.000	0.240	0.001010379	31	0
0.000	0.244	0.001009417	31	0
0.000	0.248	0.001010479	31	0
0.000	0.252	0.001010419	31	0
0.000	0.256	0.001011100	31	0
0.000	0.260	0.001010500	31	0
0.000	0.264	0.001010369	31	0
0.000	0.268	0.001010199	31	0
0.000	0.272	0.001010339	31	0
0.000	0.276	0.001010228	31	0
0.000	0.280	0.001010439	31	0
0.000	0.283	0.001010520	31	0
0.000	0.287	0.001010078	31	0
0.000	0.291	0.001010259	31	0
0.000	0.295	0.001010420	31	0
0.000	0.299	0.001010429	31	0
0.000	0.303	1.006173104	0	1
0.000	0.307	1.006176199	0	1
0.000	0.311	0.001013165	31	0
0.000	0.315	0.001012954	31	0
0.000	0.319	0.001012514	31	0
0.000	0.323	0.001012263	31	0
0.000	0.327	1.006173524	0	1
0.000	0.331	0.001012643	31	0
0.000	0.335	0.001012052	31	0
0.000	0.339	0.001011431	31	0
0.000	0.343	0.001011231	31	0
0.000	0.346	0.001011021	31	0
0.000	0.350	0.001011030	31	0
0.000	0.354	1.006175068	0	1
0.000	0.358	0.001013415	31	0
0.000	0.362	0.001012783	31	0
0.000	0.366	0.001012433	31	0
0.000	0.370	0.001012363	31	0
0.000	0.374	0.001012032	31	0
0.000	0.378	0.001012002	31	0
0.000	0.382	0.001011642	31	0
0.000	0.386	0.001011331	31	0
0.000	0.390	0.001011261	31	0
0.000	0.394	1.006164647	0	1
0.000	0.398	0.001012624	31	0
0.000	0.402	0.001012173	31	0
0.000	0.406	1.006176000	0	1
0.000	0.409	0.001013225	31	0
0.000	0.413	0.001012733	31	0
0.000	0.417	0.001012774	31	0
0.000	0.421	0.001012353	31	0
0.000	0.425	0.001011952	31	0
0.000	0.429	0.001011922	31	0
0.000	0.433	0.001011632	31	0
0.000	0.437	0.001011832	31	0
0.000	0.441	0.001011281	31	0
0.000	0.445	0.001011241	31	0
0.000	0.449	1.006172162	0	1
0.000	0.453	0.001022692	31	0
0.000	0.457	0.001013895	31	0
0.000	0.461	0.001012393	31	0
0.000	0.465	0.001012143	31	0
0.000	0.469	0.001012854	31	0
0.000	0.472	0.001011942	31	0
0.000	0.476	0.001012684	31	0
0.000	0.480	0.001011541	31	0
0.000	0.484	0.001011411	31	0
0.000	0.488	1.006157885	0	1
0.000	0.492	0.001011691	31	0
0.000	0.496	0.001011572	31	0
0.000	0.500	0.001011461	31	0
