Vendor ID: 0x1e0f
Device ID: 0x2b
Lane: 3
Time (%UI)	Voltage (V)	Duration (s)	Count	Pass
-50.000	0.000	0.003031308	31	0
-48.438	0.000	0.003030306	31	0
-46.875	0.000	0.003029735	31	0
-45.312	0.000	0.003029655	31	0
-43.750	0.000	0.003029304	31	0
-42.188	0.000	0.003029144	31	0
-40.625	0.000	0.003029745	31	0
-39.062	0.000	0.003029895	31	0
-37.500	0.000	0.003028071	31	0
-35.938	0.000	0.003028662	19	0
-34.375	0.000	0.003028843	9	0
-32.812	0.000	0.003028863	10	0
-31.250	0.000	0.003029334	6	0
-29.688	0.000	0.003029334	6	0
-28.125	0.000	0.003028743	7	0
-26.562	0.000	1.004093834	5	0
-25.000	0.000	1.004101049	5	0
-23.438	0.000	1.004105757	5	0
-21.875	0.000	1.008196016	0	1
-20.312	0.000	1.008195295	0	1
-18.750	0.000	1.008195475	0	1
-17.188	0.000	1.008201277	0	1
-15.625	0.000	1.008196057	0	1
-14.062	0.000	1.008200785	0	1
-12.500	0.000	1.008201858	0	1
-10.938	0.000	1.008205344	0	1
-9.375	0.000	1.008204793	0	1
-7.812	0.000	1.008205013	0	1
-6.250	0.000	1.008207769	0	1
-4.688	0.000	1.008205324	0	1
-3.125	0.000	1.008213469	0	1
-1.562	0.000	1.008204032	0	1
1.562	0.000	1.008212628	0	1
3.125	0.000	1.008210253	0	1
4.688	0.000	1.008207528	0	1
6.250	0.000	1.008206526	0	1
7.812	0.000	1.008195024	0	1
9.375	0.000	1.008184314	0	1
10.938	0.000	1.008226063	0	1
12.500	0.000	1.008234189	0	1
14.062	0.000	1.008222947	0	1
15.625	0.000	1.008200916	0	1
17.188	0.000	1.008203531	0	1
18.750	0.000	1.008206847	0	1
20.312	0.000	1.008208751	0	1
21.875	0.000	1.008219290	1	1
23.438	0.000	1.008207628	1	1
25.000	0.000	1.004106269	5	0
26.562	0.000	1.004108994	5	0
28.125	0.000	0.003039904	5	0
29.688	0.000	0.003038201	5	0
31.250	0.000	0.003037139	9	0
32.812	0.000	0.003035676	6	0
34.375	0.000	0.003035525	19	0
35.938	0.000	0.003034925	26	0
37.500	0.000	0.003034003	29	0
39.062	0.000	0.003033101	31	0
40.625	0.000	0.003032950	31	0
42.188	0.000	0.003031839	31	0
43.750	0.000	0.003031999	31	0
45.312	0.000	0.003031779	31	0
46.875	0.000	0.003031919	31	0
48.438	0.000	0.003030927	31	0
50.000	0.000	0.003031228	31	0
0.000	-0.440	0.003030707	10	0
0.000	-0.433	0.003030236	12	0
0.000	-0.426	0.003030547	12	0
0.000	-0.419	0.003030506	5	0
0.000	-0.412	0.003030226	6	0
0.000	-0.406	0.003030176	7	0
0.000	-0.399	0.003030106	5	0
0.000	-0.392	0.003029654	5	0
0.000	-0.385	0.003029545	6	0
0.000	-0.378	0.003029364	5	0
0.000	-0.371	0.003030095	5	0
0.000	-0.364	0.003029354	5	0
0.000	-0.357	0.003029935	5	0
0.000	-0.351	1.004114895	5	0
0.000	-0.344	0.003039744	5	0
0.000	-0.337	0.003037620	5	0
0.000	-0.330	1.004115866	5	0
0.000	-0.323	1.004102111	5	0
0.000	-0.316	1.004125064	5	0
0.000	-0.309	1.004107631	5	0
0.000	-0.302	1.004135784	5	0
0.000	-0.296	1.004112640	5	0
0.000	-0.289	1.004103683	5	0
0.000	-0.282	1.004105227	5	0
0.000	-0.275	1.004104084	5	0
0.000	-0.268	1.004103623	5	0
0.000	-0.261	1.008199514	2	1
0.000	-0.254	1.004101830	5	0
0.000	-0.247	1.004102581	5	0
0.000	-0.241	1.004115916	5	0
0.000	-0.234	1.008199493	0	1
0.000	-0.227	1.008217798	0	1
0.000	-0.220	1.008217607	1	1
0.000	-0.213	1.008215894	0	1
0.000	-0.206	1.008217477	0	1
0.000	-0.199	1.008204091	0	1
0.000	-0.193	1.008205625	1	1
0.000	-0.186	1.008197930	0	1
0.000	-0.179	1.008198351	0	1
0.000	-0.172	1.008195465	0	1
0.000	-0.165	1.008196728	0	1
0.000	-0.158	1.008195285	0	1
0.000	-0.151	1.008196397	0	1
0.000	-0.144	1.008122176	0	1
0.000	-0.138	1.008084885	0	1
0.000	-0.131	1.008088692	0	1
0.000	-0.124	1.008086248	0	1
0.000	-0.117	1.008085707	0	1
0.000	-0.110	1.008091979	0	1
0.000	-0.103	1.008086929	0	1
0.000	-0.096	1.008085316	0	1
0.000	-0.089	1.008086128	0	1
0.000	-0.083	1.008088963	0	1
0.000	-0.076	1.008086278	0	1
0.000	-0.069	1.008088783	0	1
0.000	-0.062	1.008086739	0	1
0.000	-0.055	1.008086498	0	1
0.000	-0.048	1.008086648	0	1
0.000	-0.041	1.008086047	0	1
0.000	-0.034	1.008086529	0	1
0.000	-0.028	1.008088181	0	1
0.000	-0.021	1.008086780	0	1
0.000	-0.014	1.008087340	0	1
0.000	-0.007	1.008085055	0	1
0.000	0.007	1.008086158	0	1
0.000	0.014	1.008089815	0	1
0.000	0.021	1.008087610	0	1
0.000	0.028	1.008087319	0	1
0.000	0.034	1.008086478	0	1
0.000	0.041	1.008089494	0	1
0.000	0.048	1.008089664	0	1
0.000	0.055	1.008086307	0	1
0.000	0.062	1.008085095	0	1
0.000	0.069	1.008086699	0	1
0.000	0.076	1.008086939	0	1
0.000	0.083	1.008086830	0	1
0.000	0.089	1.008085527	0	1
0.000	0.096	1.008085777	0	1
0.000	0.103	1.008084425	0	1
0.000	0.110	1.008083833	0	1
0.000	0.117	1.008085676	0	1
0.000	0.124	1.008089314	0	1
0.000	0.131	1.008084645	0	1
0.000	0.138	1.008084925	0	1
0.000	0.144	1.008086910	0	1
0.000	0.151	1.008090536	0	1
0.000	0.158	1.008086047	0	1
0.000	0.165	1.008084825	0	1
0.000	0.172	1.008085747	0	1
0.000	0.179	1.008091327	0	1
0.000	0.186	1.008091608	0	1
0.000	0.193	1.008088102	0	1
0.000	0.199	1.008085245	0	1
0.000	0.206	1.008085236	0	1
0.000	0.213	1.008087020	0	1
0.000	0.220	1.008085858	0	1
0.000	0.227	1.008085106	0	1
0.000	0.234	1.008084956	3	1
0.000	0.241	1.008086038	1	1
0.000	0.247	1.004045422	5	0
0.000	0.254	1.008088322	3	1
0.000	0.261	1.004047436	5	0
0.000	0.268	1.004047637	5	0
0.000	0.275	1.004046345	5	0
0.000	0.282	1.004046144	5	0
0.000	0.289	1.004048158	5	0
0.000	0.296	1.004049190	5	0
0.000	0.302	1.004046895	5	0
0.000	0.309	1.004046344	5	0
0.000	0.316	1.004045954	5	0
0.000	0.323	1.004050803	5	0
0.000	0.330	1.004047256	5	0
0.000	0.337	1.004046354	5	0
0.000	0.344	1.004046504	5	0
0.000	0.351	0.003026829	5	0
0.000	0.357	0.003024394	5	0
0.000	0.364	0.003024264	5	0
0.000	0.371	0.003023323	5	0
0.000	0.378	0.003024525	6	0
0.000	0.385	0.003022872	10	0
0.000	0.392	0.003022531	7	0
0.000	0.399	0.003022261	5	0
0.000	0.406	0.003021920	5	0
0.000	0.412	0.003023082	13	0
0.000	0.419	0.003021109	8	0
0.000	0.426	0.003022451	5	0
0.000	0.433	0.003020727	10	0
0.000	0.440	0.003020958	15	0
