Vendor ID: 0x1344
Device ID: 0x51c3
Lane: 3
Time (%UI)	Voltage (V)	Duration (s)	Count	Pass
-50.000	0.000	0.001013906	31	0
-48.438	0.000	0.001013245	31	0
-46.875	0.000	0.001012964	31	0
-45.312	0.000	0.001012964	31	0
-43.750	0.000	0.001013194	31	0
-42.188	0.000	0.001012313	31	0
-40.625	0.000	0.001012153	31	0
-39.062	0.000	0.001012122	31	0
-37.500	0.000	0.001012153	31	0
-35.938	0.000	0.001013264	31	0
-34.375	0.000	0.001012002	31	0
-32.812	0.000	0.001011552	19	0
-31.250	0.000	1.002079949	31	0
-29.688	0.000	1.002080019	3	0
-28.125	0.000	1.006209142	0	1
-26.562	0.000	1.006184396	0	1
-25.000	0.000	1.006187060	0	1
-23.438	0.000	1.006184997	0	1
-21.875	0.000	1.006187030	0	1
-20.312	0.000	1.006184175	0	1
-18.750	0.000	1.006195005	0	1
-17.188	0.000	1.006186299	0	1
-15.625	0.000	1.006183114	0	1
-14.062	0.000	1.006180608	0	1
-12.500	0.000	1.006179526	0	1
-10.938	0.000	1.006181500	0	1
-9.375	0.000	1.006184686	0	1
-7.812	0.000	1.006179345	0	1
-6.250	0.000	1.006183154	0	1
-4.688	0.000	1.006180759	0	1
-3.125	0.000	1.006179656	0	1
-1.562	0.000	1.006183223	0	1
1.562	0.000	1.006186429	0	1
3.125	0.000	1.006185467	0	1
4.688	0.000	1.006185708	0	1
6.250	0.000	1.006186129	0	1
7.812	0.000	1.006182621	0	1
9.375	0.000	1.006182682	0	1
10.938	0.000	1.006188433	0	1
12.500	0.000	1.006188974	0	1
14.062	0.000	1.006183784	1	1
15.625	0.000	1.002082454	20	0
17.188	0.000	1.002081712	31	0
18.750	0.000	1.002083115	31	0
20.312	0.000	1.002083296	31	0
21.875	0.000	0.001014277	13	0
23.438	0.000	0.001013345	27	0
25.000	0.000	0.001013335	31	0
26.562	0.000	0.001013014	31	0
28.125	0.000	0.001012714	31	0
29.688	0.000	0.001012383	31	0
31.250	0.000	0.001012213	31	0
32.812	0.000	0.001011752	31	0
34.375	0.000	0.001011702	31	0
35.938	0.000	0.001011912	31	0
37.500	0.000	0.001012423	31	0
39.062	0.000	0.001011391	31	0
40.625	0.000	0.001011312	31	0
42.188	0.000	0.001010870	31	0
43.750	0.000	0.001010960	31	0
45.312	0.000	0.001011651	31	0
46.875	0.000	0.001011121	31	0
48.438	0.000	0.001010520	31	0
50.000	0.000	0.001010540	31	0
0.000	-0.380	0.001010610	31	0
0.000	-0.377	0.001011321	31	0
0.000	-0.374	0.001010499	31	0
0.000	-0.371	0.001010319	31	0
0.000	-0.368	0.001010059	31	0
0.000	-0.365	0.001010339	31	0
0.000	-0.362	0.001011451	31	0
0.000	-0.359	0.001010279	31	0
0.000	-0.356	0.001010179	31	0
0.000	-0.353	0.001010038	31	0
0.000	-0.350	0.001010479	31	0
0.000	-0.347	0.001010068	31	0
0.000	-0.344	0.001010018	31	0
0.000	-0.341	0.001010349	31	0
0.000	-0.338	0.001010279	31	0
0.000	-0.335	0.001010039	31	0
0.000	-0.332	0.001009869	31	0
0.000	-0.329	0.001009888	31	0
0.000	-0.326	0.001009778	31	0
0.000	-0.323	0.001010340	31	0
0.000	-0.320	0.001010119	31	0
0.000	-0.317	0.001009768	31	0
0.000	-0.314	0.001009878	31	0
0.000	-0.311	0.001009968	31	0
0.000	-0.308	0.001009959	31	0
0.000	-0.305	0.001009908	31	0
0.000	-0.302	0.001009718	31	0
0.000	-0.299	0.001009768	31	0
0.000	-0.296	0.001011000	31	0
0.000	-0.293	0.001009928	31	0
0.000	-0.290	0.001009667	31	0
0.000	-0.287	0.001009678	31	0
0.000	-0.284	0.001009778	31	0
0.000	-0.281	0.001009548	31	0
0.000	-0.278	0.001009918	31	0
0.000	-0.275	0.001009969	31	0
0.000	-0.272	0.001009728	31	0
0.000	-0.269	0.001009598	31	0
0.000	-0.266	0.001009868	31	0
0.000	-0.263	0.001009598	31	0
0.000	-0.260	0.001009487	31	0
0.000	-0.257	0.001009688	31	0
0.000	-0.254	0.001009718	31	0
0.000	-0.251	0.001009548	31	0
0.000	-0.248	0.001009938	31	0
0.000	-0.245	0.001009537	31	0
0.000	-0.242	0.001009688	31	0
0.000	-0.239	0.001010029	31	0
0.000	-0.236	0.001009698	31	0
0.000	-0.233	0.001009838	31	0
0.000	-0.230	0.001009698	31	0
0.000	-0.227	0.001009618	31	0
0.000	-0.224	0.001009588	31	0
0.000	-0.221	0.001009738	31	0
0.000	-0.218	0.001009618	31	0
0.000	-0.215	0.001009547	31	0
0.000	-0.212	0.001009477	31	0
0.000	-0.209	0.001009588	31	0
0.000	-0.206	0.001009587	31	0
0.000	-0.203	0.001009547	31	0
0.000	-0.200	0.001009598	31	0
0.000	-0.197	0.001009548	31	0
0.000	-0.194	0.001009668	31	0
0.000	-0.191	0.001009557	31	0
0.000	-0.189	0.001009828	31	0
0.000	-0.186	0.001009518	31	0
0.000	-0.183	0.001009567	31	0
0.000	-0.180	0.001009567	31	0
0.000	-0.177	0.001010009	31	0
0.000	-0.174	0.001009457	31	0
0.000	-0.171	0.001010359	31	0
0.000	-0.168	0.001009678	31	0
0.000	-0.165	0.001009588	31	0
0.000	-0.162	0.001009307	31	0
0.000	-0.159	0.001009517	31	0
0.000	-0.156	0.001010429	31	0
0.000	-0.153	0.001009588	31	0
0.000	-0.150	0.001009467	31	0
0.000	-0.147	0.001009468	31	0
0.000	-0.144	0.001009538	31	0
0.000	-0.141	0.001010369	31	0
0.000	-0.138	0.001009448	31	0
0.000	-0.135	0.001009547	31	0
0.000	-0.132	0.001009648	25	0
0.000	-0.129	0.001009788	6	0
0.000	-0.126	0.001010429	19	0
0.000	-0.123	0.001009838	6	0
0.000	-0.120	1.002075872	31	0
0.000	-0.117	0.001014246	7	0
0.000	-0.114	1.002079980	31	0
0.000	-0.111	1.002081272	31	0
0.000	-0.108	1.002079548	31	0
0.000	-0.105	1.002080391	31	0
0.000	-0.102	1.002088897	31	0
0.000	-0.099	1.002087965	31	0
0.000	-0.096	1.002085009	2	0
0.000	-0.093	1.002082984	14	0
0.000	-0.090	1.006185657	3	1
0.000	-0.087	1.006187120	0	1
0.000	-0.084	1.006185287	0	1
0.000	-0.081	1.006183083	0	1
0.000	-0.078	1.006096750	0	1
0.000	-0.075	1.006179956	0	1
0.000	-0.072	1.006174636	0	1
0.000	-0.069	1.006179115	0	1
0.000	-0.066	1.006179235	0	1
0.000	-0.063	1.006170970	0	1
0.000	-0.060	1.006181942	0	1
0.000	-0.057	1.006179356	0	1
0.000	-0.054	1.006179356	0	1
0.000	-0.051	1.006193624	0	1
0.000	-0.048	1.006189905	0	1
0.000	-0.045	1.006195266	0	1
0.000	-0.042	1.006180819	0	1
0.000	-0.039	1.006186299	0	1
0.000	-0.036	1.006184185	0	1
0.000	-0.033	1.006182372	0	1
0.000	-0.030	1.006186309	0	1
0.000	-0.027	1.006188723	0	1
0.000	-0.024	1.006184445	0	1
0.000	-0.021	1.006184115	0	1
0.000	-0.018	1.006178805	0	1
0.000	-0.015	1.006184977	0	1
0.000	-0.012	1.006184636	0	1
0.000	-0.009	1.006184096	0	1
0.000	-0.006	1.006183324	0	1
0.000	-0.003	1.006180167	0	1
0.000	0.003	1.006182973	0	1
0.000	0.006	1.006183884	0	1
0.000	0.009	1.006189525	0	1
0.000	0.012	1.006188623	0	1
0.000	0.015	1.006184676	0	1
0.000	0.018	1.006189805	0	1
0.000	0.021	1.006183334	0	1
0.000	0.024	1.006184636	0	1
0.000	0.027	1.006188493	0	1
0.000	0.030	1.006186789	0	1
0.000	0.033	1.006182933	0	1
0.000	0.036	1.006182962	0	1
0.000	0.039	1.006185488	0	1
0.000	0.042	1.006184365	0	1
0.000	0.045	1.006182562	0	1
0.000	0.048	1.006186710	0	1
0.000	0.051	1.006180548	0	1
0.000	0.054	1.006181600	0	1
0.000	0.057	1.006188512	0	1
0.000	0.060	1.006185147	0	1
0.000	0.063	1.006182070	0	1
0.000	0.066	1.006186710	0	1
0.000	0.069	1.006187240	0	1
0.000	0.072	1.006196509	0	1
0.000	0.075	1.006196699	0	1
0.000	0.078	1.006194625	0	1
0.000	0.081	1.006185798	3	1
0.000	0.084	1.002082394	13	0
0.000	0.087	1.002084388	27	0
0.000	0.090	1.002083926	31	0
0.000	0.093	1.002085780	31	0
0.000	0.096	1.002082313	31	0
0.000	0.099	1.002082144	31	0
0.000	0.102	1.002083706	31	0
0.000	0.105	1.002087172	31	0
0.000	0.108	1.002081252	31	0
0.000	0.111	1.002079267	31	0
0.000	0.114	0.001014397	11	0
0.000	0.117	0.001013725	16	0
0.000	0.120	0.001014086	18	0
0.000	0.123	0.001012864	28	0
0.000	0.126	0.001012694	6	0
0.000	0.129	0.001012473	31	0
0.000	0.132	0.001012353	31	0
0.000	0.135	0.001012593	31	0
0.000	0.138	0.001011752	31	0
0.000	0.141	0.001011712	31	0
0.000	0.144	0.001011642	31	0
0.000	0.147	0.001011571	31	0
0.000	0.150	0.001011652	31	0
0.000	0.153	0.001011191	31	0
0.000	0.156	0.001011352	31	0
0.000	0.159	0.001011191	31	0
0.000	0.162	0.001010880	31	0
0.000	0.165	0.001011090	31	0
0.000	0.168	0.001011110	31	0
0.000	0.171	0.001010820	31	0
0.000	0.174	0.001010679	31	0
0.000	0.177	0.001010800	31	0
0.000	0.180	0.001011071	31	0
0.000	0.183	0.001011000	31	0
0.000	0.186	0.001010509	31	0
0.000	0.189	0.001010470	31	0
0.000	0.191	0.001010570	31	0
0.000	0.194	0.001010720	31	0
0.000	0.197	0.001010780	31	0
0.000	0.200	0.001010509	31	0
0.000	0.203	0.001010429	31	0
0.000	0.206	0.001010319	31	0
0.000	0.209	0.001010640	31	0
0.000	0.212	0.001010379	31	0
0.000	0.215	0.001010480	31	0
0.000	0.218	0.001011341	31	0
0.000	0.221	0.001010159	31	0
0.000	0.224	0.001010079	31	0
0.000	0.227	0.001010139	31	0
0.000	0.230	0.001010259	31	0
0.000	0.233	0.001010659	31	0
0.000	0.236	0.001010109	31	0
0.000	0.239	0.001010089	31	0
0.000	0.242	0.001010349	31	0
0.000	0.245	0.001010148	31	0
0.000	0.248	0.001010569	31	0
0.000	0.251	0.001010059	31	0
0.000	0.254	0.001010019	31	0
0.000	0.257	0.001011040	31	0
0.000	0.260	0.001009948	31	0
0.000	0.263	0.001010470	31	0
0.000	0.266	0.001009968	31	0
0.000	0.269	0.001009868	31	0
0.000	0.272	0.001009869	31	0
0.000	0.275	0.001010039	31	0
0.000	0.278	0.001009988	31	0
0.000	0.281	0.001009899	31	0
0.000	0.284	0.001010289	31	0
0.000	0.287	0.001010198	31	0
0.000	0.290	0.001009888	31	0
0.000	0.293	0.001009949	31	0
0.000	0.296	0.001009938	31	0
0.000	0.299	0.001010199	31	0
0.000	0.302	0.001010329	31	0
0.000	0.305	0.001009878	31	0
0.000	0.308	0.001009908	31	0
0.000	0.311	0.001010119	31	0
0.000	0.314	0.001010129	31	0
0.000	0.317	0.001010259	31	0
0.000	0.320	0.001009889	31	0
0.000	0.323	0.001009898	31	0
0.000	0.326	0.001009869	31	0
0.000	0.329	0.001010269	31	0
0.000	0.332	0.001010269	31	0
0.000	0.335	0.001009848	31	0
0.000	0.338	0.001009838	31	0
0.000	0.341	0.001009838	31	0
0.000	0.344	0.001010289	31	0
0.000	0.347	0.001010198	31	0
0.000	0.350	0.001009818	31	0
0.000	0.353	0.001010009	31	0
0.000	0.356	0.001009948	31	0
0.000	0.359	0.001009858	31	0
0.000	0.362	0.001009778	31	0
0.000	0.365	0.001009818	31	0
0.000	0.368	0.001009958	31	0
0.000	0.371	0.001009829	31	0
0.000	0.374	0.001009768	31	0
0.000	0.377	0.001010169	31	0
0.000	0.380	0.001009988	31	0
