Vendor ID: 0x1987
Device ID: 0x5302
Lane: 3
Time (%UI)	Voltage (V)	Duration (s)	Count	Pass
-50.000	0.000	0.001014327	31	0
-48.387	0.000	0.001013325	31	0
-46.774	0.000	0.001013034	31	0
-45.161	0.000	0.001012674	31	0
-43.548	0.000	0.001012443	31	0
-41.935	0.000	0.001012353	31	0
-40.323	0.000	0.001011962	31	0
-38.710	0.000	0.001011862	31	0
-37.097	0.000	0.001011711	31	0
-35.484	0.000	0.001011712	31	0
-33.871	0.000	0.001011441	31	0
-32.258	0.000	0.001011431	13	0
-30.645	0.000	0.001011201	9	0
-29.032	0.000	0.001011291	5	0
-27.419	0.000	1.002075560	5	0
-25.806	0.000	1.002075581	6	0
-24.194	0.000	1.002076934	5	0
-22.581	0.000	1.006173585	3	1
-20.968	0.000	1.006173785	0	1
-19.355	0.000	1.006141203	0	1
-17.742	0.000	1.006168596	0	1
-16.129	0.000	1.006173866	0	1
-14.516	0.000	1.006172894	0	1
-12.903	0.000	1.006173174	0	1
-11.290	0.000	1.006173786	0	1
-9.677	0.000	1.006171000	0	1
-8.065	0.000	1.006173304	0	1
-6.452	0.000	1.006177142	0	1
-4.839	0.000	1.006173274	0	1
-3.226	0.000	1.006165620	0	1
-1.613	0.000	1.006170269	0	1
1.613	0.000	1.006172793	0	1
3.226	0.000	1.006091780	0	1
4.839	0.000	1.006169097	0	1
6.452	0.000	1.006171401	0	1
8.065	0.000	1.006169617	0	1
9.677	0.000	1.006178975	0	1
11.290	0.000	1.006143888	0	1
12.903	0.000	1.006121926	0	1
14.516	0.000	1.006167974	0	1
16.129	0.000	1.006173675	0	1
17.742	0.000	1.006168195	0	1
19.355	0.000	1.006160049	0	1
20.968	0.000	1.006173014	0	1
22.581	0.000	1.006179145	0	1
24.194	0.000	1.006176379	0	1
25.806	0.000	1.006175869	0	1
27.419	0.000	1.006166011	0	1
29.032	0.000	1.006171471	0	1
30.645	0.000	1.002078375	5	0
32.258	0.000	1.002078066	5	0
33.871	0.000	0.001014217	5	0
35.484	0.000	0.001014236	5	0
37.097	0.000	0.001013084	8	0
38.710	0.000	0.001013205	8	0
40.323	0.000	0.001012653	21	0
41.935	0.000	0.001012533	31	0
43.548	0.000	0.001012293	31	0
45.161	0.000	0.001012072	31	0
46.774	0.000	0.001011993	31	0
48.387	0.000	0.001012363	31	0
50.000	0.000	0.001012002	31	0
0.000	-0.500	0.001011872	31	0
0.000	-0.496	0.001011551	31	0
0.000	-0.492	0.001011671	31	0
0.000	-0.488	0.001011311	31	0
0.000	-0.484	0.001011151	31	0
0.000	-0.480	0.001011131	31	0
0.000	-0.476	0.001011301	31	0
0.000	-0.472	0.001010990	31	0
0.000	-0.469	0.001010901	31	0
0.000	-0.465	0.001010830	31	0
0.000	-0.461	0.001010820	31	0
0.000	-0.457	0.001011111	31	0
0.000	-0.453	0.001010650	31	0
0.000	-0.449	0.001010970	31	0
0.000	-0.445	0.001010640	31	0
0.000	-0.441	0.001010640	31	0
0.000	-0.437	0.001010840	31	0
0.000	-0.433	0.001010490	31	0
0.000	-0.429	0.001010509	31	0
0.000	-0.425	0.001010590	31	0
0.000	-0.421	0.001010609	31	0
0.000	-0.417	0.001010349	31	0
0.000	-0.413	0.001010349	31	0
0.000	-0.409	0.001010379	31	0
0.000	-0.406	0.001010449	31	0
0.000	-0.402	0.001010329	31	0
0.000	-0.398	0.001011963	31	0
0.000	-0.394	0.001010669	31	0
0.000	-0.390	0.001010308	31	0
0.000	-0.386	0.001010229	31	0
0.000	-0.382	0.001010239	31	0
0.000	-0.378	0.001010159	31	0
0.000	-0.374	0.001010259	31	0
0.000	-0.370	0.001010579	31	0
0.000	-0.366	0.001010339	31	0
0.000	-0.362	0.001010279	31	0
0.000	-0.358	0.001010199	31	0
0.000	-0.354	0.001010510	31	0
0.000	-0.350	0.001010419	31	0
0.000	-0.346	0.001010059	31	0
0.000	-0.343	0.001010018	31	0
0.000	-0.339	0.001009928	31	0
0.000	-0.335	0.001010088	31	0
0.000	-0.331	0.001011762	31	0
0.000	-0.327	0.001011812	31	0
0.000	-0.323	0.001010780	31	0
0.000	-0.319	0.001010860	31	0
0.000	-0.315	0.001010168	31	0
0.000	-0.311	0.001010099	31	0
0.000	-0.307	0.001010038	31	0
0.000	-0.303	0.001011010	31	0
0.000	-0.299	0.001010129	31	0
0.000	-0.295	0.001010248	31	0
0.000	-0.291	0.001010239	31	0
0.000	-0.287	0.001010139	31	0
0.000	-0.283	0.001010970	31	0
0.000	-0.280	0.001010068	31	0
0.000	-0.276	0.001009979	31	0
0.000	-0.272	0.001009979	31	0
0.000	-0.268	0.001010028	31	0
0.000	-0.264	0.001010930	31	0
0.000	-0.260	0.001010028	31	0
0.000	-0.256	0.001010088	31	0
0.000	-0.252	0.001010049	31	0
0.000	-0.248	0.001009939	31	0
0.000	-0.244	0.001010950	31	0
0.000	-0.240	0.001010049	31	0
0.000	-0.236	0.001009919	31	0
0.000	-0.232	0.001009978	31	0
0.000	-0.228	0.001010429	31	0
0.000	-0.224	0.001010069	31	0
0.000	-0.220	0.001010069	31	0
0.000	-0.217	0.001009999	31	0
0.000	-0.213	0.001010089	31	0
0.000	-0.209	0.001010029	31	0
0.000	-0.205	0.001010059	31	0
0.000	-0.201	0.001010019	31	0
0.000	-0.197	0.001009938	31	0
0.000	-0.193	0.001009929	19	0
0.000	-0.189	0.001010139	4	0
0.000	-0.185	0.001009999	5	0
0.000	-0.181	0.001010038	9	0
0.000	-0.177	0.001010308	8	0
0.000	-0.173	0.001009928	6	0
0.000	-0.169	0.001010089	5	0
0.000	-0.165	0.001010038	5	0
0.000	-0.161	0.001010018	5	0
0.000	-0.157	0.001010269	14	0
0.000	-0.154	0.001009798	7	0
0.000	-0.150	1.002076282	8	0
0.000	-0.146	1.002079750	11	0
0.000	-0.142	1.002079920	7	0
0.000	-0.138	1.002078197	5	0
0.000	-0.134	1.002080049	8	0
0.000	-0.130	1.002079088	5	0
0.000	-0.126	1.002081192	5	0
0.000	-0.122	1.002080320	6	0
0.000	-0.118	1.006179937	0	1
0.000	-0.114	1.006177112	0	1
0.000	-0.110	1.006180437	0	1
0.000	-0.106	1.006179927	0	1
0.000	-0.102	1.006171010	0	1
0.000	-0.098	1.006173075	0	1
0.000	-0.094	1.006174917	0	1
0.000	-0.091	1.006170870	0	1
0.000	-0.087	1.006171450	0	1
0.000	-0.083	1.006172303	0	1
0.000	-0.079	1.006170490	0	1
0.000	-0.075	1.006170961	0	1
0.000	-0.071	1.006169748	0	1
0.000	-0.067	1.006172864	0	1
0.000	-0.063	1.006171791	0	1
0.000	-0.059	1.006173184	0	1
0.000	-0.055	1.006175177	0	1
0.000	-0.051	1.006175909	0	1
0.000	-0.047	1.006176881	0	1
0.000	-0.043	1.006171861	0	1
0.000	-0.039	1.006174156	0	1
0.000	-0.035	1.006174156	0	1
0.000	-0.031	1.006171300	0	1
0.000	-0.028	1.006174045	0	1
0.000	-0.024	1.006174677	0	1
0.000	-0.020	1.006172924	0	1
0.000	-0.016	1.006174466	0	1
0.000	-0.012	1.006172132	0	1
0.000	-0.008	1.006173835	0	1
0.000	-0.004	1.006146313	0	1
0.000	0.004	1.006171541	0	1
0.000	0.008	1.006171982	0	1
0.000	0.012	1.006171601	0	1
0.000	0.016	1.006177192	0	1
0.000	0.020	1.006175348	0	1
0.000	0.024	1.006174727	0	1
0.000	0.028	1.006173044	0	1
0.000	0.031	1.006174777	0	1
0.000	0.035	1.006174577	0	1
0.000	0.039	1.006160671	0	1
0.000	0.043	1.006172202	0	1
0.000	0.047	1.006170980	0	1
0.000	0.051	1.006135352	0	1
0.000	0.055	1.006169917	0	1
0.000	0.059	1.006171751	0	1
0.000	0.063	1.006176401	0	1
0.000	0.067	1.006182522	0	1
0.000	0.071	1.006161261	0	1
0.000	0.075	1.006167224	0	1
0.000	0.079	1.006165971	0	1
0.000	0.083	1.006175819	0	1
0.000	0.087	1.006172664	0	1
0.000	0.091	1.006149410	0	1
0.000	0.094	1.006172311	0	1
0.000	0.098	1.006177853	0	1
0.000	0.102	1.006178274	0	1
0.000	0.106	1.006169647	0	1
0.000	0.110	1.006165679	0	1
0.000	0.114	1.006175659	0	1
0.000	0.118	1.006175398	0	1
0.000	0.122	1.006178375	1	1
0.000	0.126	1.006175108	4	1
0.000	0.130	1.002076473	7	0
0.000	0.134	1.002077354	11	0
0.000	0.138	1.002078056	8	0
0.000	0.142	1.002078196	11	0
0.000	0.146	1.002078868	13	0
0.000	0.150	1.002076683	5	0
0.000	0.154	0.001013104	9	0
0.000	0.157	0.001012834	9	0
0.000	0.161	0.001012834	5	0
0.000	0.165	0.001012423	8	0
0.000	0.169	0.001012022	8	0
0.000	0.173	0.001012253	8	0
0.000	0.177	0.001011832	6	0
0.000	0.181	0.001011872	15	0
0.000	0.185	0.001011802	15	0
0.000	0.189	0.001011391	28	0
0.000	0.193	0.001011392	0	0
0.000	0.197	0.001011211	31	0
0.000	0.201	0.001011531	31	0
0.000	0.205	0.001011020	31	0
0.000	0.209	0.001011041	31	0
0.000	0.213	0.001010860	31	0
0.000	0.217	0.001010860	31	0
0.000	0.220	0.001011100	31	0
0.000	0.224	0.001010660	31	0
0.000	0.228	0.001010991	31	0
0.000	0.232	0.001010589	31	0
0.000	0.236	0.001010620	31	0
0.000	0.240	0.001011161	31	0
0.000	0.244	0.001010620	31	0
0.000	0.248	0.001010580	31	0
0.000	0.252	0.001010519	31	0
0.000	0.256	0.001010539	31	0
0.000	0.260	0.001010599	31	0
0.000	0.264	0.001010369	31	0
0.000	0.268	0.001010419	31	0
0.000	0.272	0.001010370	31	0
0.000	0.276	0.001010370	31	0
0.000	0.280	0.001010279	31	0
0.000	0.283	0.001010289	31	0
0.000	0.287	0.001010570	31	0
0.000	0.291	0.001010259	31	0
0.000	0.295	0.001010400	31	0
0.000	0.299	0.001010599	31	0
0.000	0.303	0.001010159	31	0
0.000	0.307	0.001010409	31	0
0.000	0.311	0.001010239	31	0
0.000	0.315	0.001010259	31	0
0.000	0.319	0.001010089	31	0
0.000	0.323	0.001010409	31	0
0.000	0.327	0.001010289	31	0
0.000	0.331	0.001010179	31	0
0.000	0.335	0.001010239	31	0
0.000	0.339	0.001010399	31	0
0.000	0.343	0.001010068	31	0
0.000	0.346	0.001010429	31	0
0.000	0.350	0.001010269	31	0
0.000	0.354	0.001012403	31	0
0.000	0.358	0.001011782	31	0
0.000	0.362	0.001010108	31	0
0.000	0.366	0.001010098	31	0
0.000	0.370	0.001010059	31	0
0.000	0.374	0.001010088	31	0
0.000	0.378	0.001010018	31	0
0.000	0.382	0.001010279	31	0
0.000	0.386	0.001010049	31	0
0.000	0.390	0.001010039	31	0
0.000	0.394	0.001010098	31	0
0.000	0.398	0.001010339	31	0
0.000	0.402	0.001009978	31	0
0.000	0.406	0.001010018	31	0
0.000	0.409	0.001010059	31	0
0.000	0.413	0.001010028	31	0
0.000	0.417	0.001009949	31	0
0.000	0.421	0.001010148	31	0
0.000	0.425	0.001009919	31	0
0.000	0.429	0.001010569	31	0
0.000	0.433	0.001010089	31	0
0.000	0.437	0.001010139	31	0
0.000	0.441	0.001011030	31	0
0.000	0.445	0.001010299	31	0
0.000	0.449	0.001010349	31	0
0.000	0.453	0.001010029	31	0
0.000	0.457	0.001010058	31	0
0.000	0.461	0.001010008	31	0
0.000	0.465	0.001010219	31	0
0.000	0.469	0.001010339	31	0
0.000	0.472	0.001010008	31	0
0.000	0.476	0.001010029	31	0
0.000	0.480	0.001010068	31	0
0.000	0.484	0.001010790	31	0
0.000	0.488	0.001010309	31	0
0.000	0.492	0.001009999	31	0
0.000	0.496	0.001010049	31	0
0.000	0.500	0.001010098	31	0
