Vendor ID: 0x1022
Device ID: 0x153e
Lane: 2
Time (%UI)	Voltage (V)	Duration (s)	Count	Pass
-25.000	0.000	1.002086372	5	0
-23.438	0.000	1.002082323	5	0
-21.875	0.000	1.006182761	3	1
-20.312	0.000	1.006183765	1	1
-18.750	0.000	1.006182912	0	1
-17.188	0.000	1.006183604	0	1
-15.625	0.000	1.006183564	0	1
-14.062	0.000	1.006185659	0	1
-12.500	0.000	1.006183153	0	1
-10.938	0.000	1.006183193	0	1
-9.375	0.000	1.006185568	0	1
-7.812	0.000	1.006183724	0	1
-6.250	0.000	1.006182552	0	1
-4.688	0.000	1.006180988	0	1
-3.125	0.000	1.006182512	0	1
-1.562	0.000	1.006185949	0	1
1.562	0.000	1.006185157	0	1
3.125	0.000	1.006183363	0	1
4.688	0.000	1.006180509	0	1
6.250	0.000	1.006183785	0	1
7.812	0.000	1.006185077	0	1
9.375	0.000	1.006183924	0	1
10.938	0.000	1.006183494	0	1
12.500	0.000	1.006183553	0	1
14.062	0.000	1.006184555	0	1
15.625	0.000	1.006183343	1	1
17.188	0.000	1.006158897	3	1
18.750	0.000	1.002066945	5	0
20.312	0.000	1.002068468	5	0
21.875	0.000	1.002068477	5	0
23.438	0.000	1.002079499	5	0
25.000	0.000	1.002067045	5	0
0.000	-0.130	1.002067345	5	0
0.000	-0.126	1.002068818	5	0
0.000	-0.121	1.002071984	5	0
0.000	-0.117	1.002079738	5	0
0.000	-0.112	1.002080952	5	0
0.000	-0.108	1.002084178	5	0
0.000	-0.103	1.002084519	5	0
0.000	-0.099	1.002081352	5	0
0.000	-0.094	1.006185347	4	1
0.000	-0.090	1.006186159	2	1
0.000	-0.085	1.006184156	0	1
0.000	-0.081	1.006183825	0	1
0.000	-0.076	1.006179216	0	1
0.000	-0.072	1.006184465	0	1
0.000	-0.067	1.006182712	0	1
0.000	-0.063	1.006150692	0	1
0.000	-0.058	1.006183955	0	1
0.000	-0.054	1.006181950	0	1
0.000	-0.049	1.006183584	0	1
0.000	-0.045	1.006183564	0	1
0.000	-0.040	1.006184376	0	1
0.000	-0.036	1.006182061	0	1
0.000	-0.031	1.006182792	0	1
0.000	-0.027	1.006183262	0	1
0.000	-0.022	1.006184185	0	1
0.000	-0.018	1.006187973	0	1
0.000	-0.013	1.006184956	0	1
0.000	-0.009	1.006181360	0	1
0.000	-0.004	1.006181210	0	1
0.000	0.004	1.006184536	0	1
0.000	0.009	1.006182231	0	1
0.000	0.013	1.006183093	0	1
0.000	0.018	1.006180068	0	1
0.000	0.022	1.006178594	0	1
0.000	0.027	1.006177662	0	1
0.000	0.031	1.006181340	0	1
0.000	0.036	1.006171301	0	1
0.000	0.040	1.006179456	0	1
0.000	0.045	1.006179926	0	1
0.000	0.049	1.006182071	0	1
0.000	0.054	1.006160811	0	1
0.000	0.058	1.006116345	0	1
0.000	0.063	1.006130253	0	1
0.000	0.067	1.006159588	0	1
0.000	0.072	1.006176880	0	1
0.000	0.076	1.006163436	0	1
0.000	0.081	1.006160009	0	1
0.000	0.085	1.006164178	0	1
0.000	0.090	1.006145681	0	1
0.000	0.094	1.006178775	2	1
0.000	0.099	1.002079439	5	0
0.000	0.103	1.002072765	5	0
0.000	0.108	1.002075481	5	0
0.000	0.112	1.002079178	5	0
0.000	0.117	1.002073227	5	0
0.000	0.121	1.002071713	5	0
0.000	0.126	1.002076111	5	0
0.000	0.130	1.002075551	5	0
