Vendor ID: 0x1022
Device ID: 0x153e
Lane: 1
Time (%UI)	Voltage (V)	Duration (s)	Count	Pass
-25.000	0.000	1.002083055	5	0
-23.438	0.000	1.006182903	2	1
-21.875	0.000	1.006165539	0	1
-20.312	0.000	1.006177842	0	1
-18.750	0.000	1.006179967	0	1
-17.188	0.000	1.006180748	0	1
-15.625	0.000	1.006181200	0	1
-14.062	0.000	1.006179876	0	1
-12.500	0.000	1.006181390	0	1
-10.938	0.000	1.006185287	0	1
-9.375	0.000	1.006182792	0	1
-7.812	0.000	1.006188843	0	1
-6.250	0.000	1.006173084	0	1
-4.688	0.000	1.006184605	0	1
-3.125	0.000	1.006196559	0	1
-1.562	0.000	1.006195146	0	1
1.562	0.000	1.006182962	0	1
3.125	0.000	1.006183885	0	1
4.688	0.000	1.006188985	0	1
6.250	0.000	1.006183274	0	1
7.812	0.000	1.006166682	0	1
9.375	0.000	1.006182932	0	1
10.938	0.000	1.006184746	0	1
12.500	0.000	1.006182902	0	1
14.062	0.000	1.006184415	0	1
15.625	0.000	1.006172503	0	1
17.188	0.000	1.006182923	0	1
18.750	0.000	1.002083365	5	0
20.312	0.000	1.002084539	5	0
21.875	0.000	1.002083437	5	0
23.438	0.000	1.002085120	5	0
25.000	0.000	1.002043891	5	0
0.000	-0.130	1.004102832	5	0
0.000	-0.126	1.012213278	5	0
0.000	-0.121	1.004109785	5	0
0.000	-0.117	1.002083326	5	0
0.000	-0.112	1.004110297	5	0
0.000	-0.108	1.002083576	5	0
0.000	-0.103	1.002083436	5	0
0.000	-0.099	1.002083957	5	0
0.000	-0.094	1.002085540	5	0
0.000	-0.090	1.006186419	0	1
0.000	-0.085	1.006184646	0	1
0.000	-0.081	1.006187461	0	1
0.000	-0.076	1.006188413	0	1
0.000	-0.072	1.006188012	0	1
0.000	-0.067	1.006192521	0	1
0.000	-0.063	1.006188233	0	1
0.000	-0.058	1.006187311	0	1
0.000	-0.054	1.006190487	0	1
0.000	-0.049	1.006190787	0	1
0.000	-0.045	1.006175639	0	1
0.000	-0.040	1.006178004	0	1
0.000	-0.036	1.006174547	0	1
0.000	-0.031	1.006183263	0	1
0.000	-0.027	1.006185427	0	1
0.000	-0.022	1.006184085	0	1
0.000	-0.018	1.006183123	0	1
0.000	-0.013	1.006184907	0	1
0.000	-0.009	1.006184877	0	1
0.000	-0.004	1.006176471	0	1
0.000	0.004	1.006184796	0	1
0.000	0.009	1.006191800	0	1
0.000	0.013	1.006188352	0	1
0.000	0.018	1.006187061	0	1
0.000	0.022	1.006189114	0	1
0.000	0.027	1.006182442	0	1
0.000	0.031	1.006189675	0	1
0.000	0.036	1.006188112	0	1
0.000	0.040	1.006185328	0	1
0.000	0.045	1.006184696	0	1
0.000	0.049	1.006187471	0	1
0.000	0.054	1.006185207	0	1
0.000	0.058	1.006185177	0	1
0.000	0.063	1.006186940	0	1
0.000	0.067	1.006186309	0	1
0.000	0.072	1.006185176	0	1
0.000	0.076	1.006184916	0	1
0.000	0.081	1.006186129	0	1
0.000	0.085	1.006187151	0	1
0.000	0.090	1.006187401	1	1
0.000	0.094	1.006186329	0	1
0.000	0.099	1.006187932	3	1
0.000	0.103	1.002084518	5	0
0.000	0.108	1.002085008	5	0
0.000	0.112	1.002084156	5	0
0.000	0.117	1.002087343	5	0
0.000	0.121	1.002087343	5	0
0.000	0.126	1.002085379	5	0
0.000	0.130	1.004112229	5	0
