Vendor ID: 0x1987
Device ID: 0x5302
Lane: 0
Time (%UI)	Voltage (V)	Duration (s)	Count	Pass
-50.000	0.000	0.001012975	31	0
-48.387	0.000	0.001016982	31	0
-46.774	0.000	0.001012363	31	0
-45.161	0.000	0.001017242	31	0
-43.548	0.000	0.001018244	31	0
-41.935	0.000	0.001014717	31	0
-40.323	0.000	0.001011471	31	0
-38.710	0.000	0.001011451	31	0
-37.097	0.000	0.001011372	31	0
-35.484	0.000	0.001011321	27	0
-33.871	0.000	0.001011251	11	0
-32.258	0.000	0.001011221	6	0
-30.645	0.000	0.001011221	8	0
-29.032	0.000	1.002081823	5	0
-27.419	0.000	1.002084908	9	0
-25.806	0.000	1.006188413	0	1
-24.194	0.000	1.006186220	0	1
-22.581	0.000	1.006170348	0	1
-20.968	0.000	1.006182982	0	1
-19.355	0.000	1.006180850	0	1
-17.742	0.000	1.006189185	0	1
-16.129	0.000	1.006190016	0	1
-14.516	0.000	1.006169558	0	1
-12.903	0.000	1.006190276	0	1
-11.290	0.000	1.006188934	0	1
-9.677	0.000	1.006188593	0	1
-8.065	0.000	1.006193994	0	1
-6.452	0.000	1.006174026	0	1
-4.839	0.000	1.006188072	0	1
-3.226	0.000	1.006186921	0	1
-1.613	0.000	1.006186178	0	1
1.613	0.000	1.006188463	0	1
3.226	0.000	1.006183072	0	1
4.839	0.000	1.006186459	0	1
6.452	0.000	1.006184286	0	1
8.065	0.000	1.006197801	0	1
9.677	0.000	1.006186960	0	1
11.290	0.000	1.006188975	0	1
12.903	0.000	1.006188283	0	1
14.516	0.000	1.006189184	0	1
16.129	0.000	1.006191960	0	1
17.742	0.000	1.006188564	0	1
19.355	0.000	1.006186629	0	1
20.968	0.000	1.006193413	0	1
22.581	0.000	1.006171621	0	1
24.194	0.000	1.006189705	0	1
25.806	0.000	1.006187581	0	1
27.419	0.000	1.006186620	0	1
29.032	0.000	1.006188934	0	1
30.645	0.000	1.006187842	0	1
32.258	0.000	1.006190988	0	1
33.871	0.000	1.006187130	0	1
35.484	0.000	1.002084868	8	0
37.097	0.000	1.002083787	6	0
38.710	0.000	1.002083186	9	0
40.323	0.000	0.001014978	7	0
41.935	0.000	0.001014267	7	0
43.548	0.000	0.001014096	16	0
45.161	0.000	0.001013575	31	0
46.774	0.000	0.001013174	31	0
48.387	0.000	0.001012924	31	0
50.000	0.000	0.001012633	31	0
0.000	-0.500	0.001012493	31	0
0.000	-0.496	0.001012683	31	0
0.000	-0.492	0.001012213	31	0
0.000	-0.488	0.001011932	31	0
0.000	-0.484	0.001011832	31	0
0.000	-0.480	0.001011571	31	0
0.000	-0.476	0.001011972	31	0
0.000	-0.472	0.001011601	31	0
0.000	-0.469	0.001011421	31	0
0.000	-0.465	0.001011311	31	0
0.000	-0.461	0.001011501	31	0
0.000	-0.457	0.001011011	31	0
0.000	-0.453	0.001011281	31	0
0.000	-0.449	0.001011111	31	0
0.000	-0.445	0.001011200	31	0
0.000	-0.441	0.001010870	31	0
0.000	-0.437	0.001010920	31	0
0.000	-0.433	0.001010840	31	0
0.000	-0.429	0.001010850	31	0
0.000	-0.425	0.001010760	31	0
0.000	-0.421	0.001010679	31	0
0.000	-0.417	0.001010690	31	0
0.000	-0.413	0.001011722	31	0
0.000	-0.409	0.001010650	31	0
0.000	-0.406	0.001010710	31	0
0.000	-0.402	0.001010750	31	0
0.000	-0.398	0.001010440	31	0
0.000	-0.394	0.001011642	31	0
0.000	-0.390	0.001010529	31	0
0.000	-0.386	0.001010489	31	0
0.000	-0.382	0.001010339	31	0
0.000	-0.378	0.001010349	31	0
0.000	-0.374	0.001011421	31	0
0.000	-0.370	0.001010239	31	0
0.000	-0.366	0.001010530	31	0
0.000	-0.362	0.001010440	31	0
0.000	-0.358	0.001011701	31	0
0.000	-0.354	0.001011431	31	0
0.000	-0.350	0.001010470	31	0
0.000	-0.346	0.001011581	31	0
0.000	-0.343	0.001010329	31	0
0.000	-0.339	0.001010219	31	0
0.000	-0.335	0.001010359	31	0
0.000	-0.331	0.001010269	31	0
0.000	-0.327	0.001010409	31	0
0.000	-0.323	0.001010509	31	0
0.000	-0.319	0.001010550	31	0
0.000	-0.315	0.001010179	31	0
0.000	-0.311	0.001010169	31	0
0.000	-0.307	0.001010229	31	0
0.000	-0.303	0.001010129	31	0
0.000	-0.299	0.001010490	31	0
0.000	-0.295	0.001010299	31	0
0.000	-0.291	0.001010189	31	0
0.000	-0.287	0.001010179	31	0
0.000	-0.283	0.001007173	31	0
0.000	-0.280	0.001007203	31	0
0.000	-0.276	0.001007023	31	0
0.000	-0.272	0.001006923	31	0
0.000	-0.268	0.001006902	31	0
0.000	-0.264	0.001006823	31	0
0.000	-0.260	0.001009487	31	0
0.000	-0.256	0.001009397	31	0
0.000	-0.252	0.001009558	31	0
0.000	-0.248	0.001009698	31	0
0.000	-0.244	0.001009287	31	0
0.000	-0.240	0.001009157	31	0
0.000	-0.236	0.001009498	31	0
0.000	-0.232	0.001009367	31	0
0.000	-0.228	0.001009207	31	0
0.000	-0.224	0.001006452	31	0
0.000	-0.220	0.001006020	31	0
0.000	-0.217	0.001006011	31	0
0.000	-0.213	0.001006041	31	0
0.000	-0.209	0.001005981	31	0
0.000	-0.205	0.001005990	29	0
0.000	-0.201	0.001005871	15	0
0.000	-0.197	0.001005940	10	0
0.000	-0.193	0.001005921	9	0
0.000	-0.189	0.001005861	10	0
0.000	-0.185	0.001005821	9	0
0.000	-0.181	0.001005861	11	0
0.000	-0.177	0.001005881	6	0
0.000	-0.173	0.001005810	6	0
0.000	-0.169	0.001005900	5	0
0.000	-0.165	1.002073517	11	0
0.000	-0.161	1.002085500	5	0
0.000	-0.157	1.002086101	6	0
0.000	-0.154	1.002083807	8	0
0.000	-0.150	1.002087243	6	0
0.000	-0.146	1.002088375	7	0
0.000	-0.142	1.006188713	2	1
0.000	-0.138	1.006193282	1	1
0.000	-0.134	1.006187211	0	1
0.000	-0.130	1.006183605	0	1
0.000	-0.126	1.006182762	0	1
0.000	-0.122	1.006185548	0	1
0.000	-0.118	1.006181440	0	1
0.000	-0.114	1.006158947	0	1
0.000	-0.110	1.006184024	0	1
0.000	-0.106	1.006183084	0	1
0.000	-0.102	1.006183063	0	1
0.000	-0.098	1.006182252	0	1
0.000	-0.094	1.006185879	0	1
0.000	-0.091	1.006188954	0	1
0.000	-0.087	1.006187130	0	1
0.000	-0.083	1.006187220	0	1
0.000	-0.079	1.006200236	0	1
0.000	-0.075	1.006170679	0	1
0.000	-0.071	1.006187602	0	1
0.000	-0.067	1.006191749	0	1
0.000	-0.063	1.006187782	0	1
0.000	-0.059	1.006188633	0	1
0.000	-0.055	1.006187451	0	1
0.000	-0.051	1.006188193	0	1
0.000	-0.047	1.006192541	0	1
0.000	-0.043	1.006172974	0	1
0.000	-0.039	1.006185056	0	1
0.000	-0.035	1.006187311	0	1
0.000	-0.031	1.006186319	0	1
0.000	-0.028	1.006186780	0	1
0.000	-0.024	1.006160920	0	1
0.000	-0.020	1.006185729	0	1
0.000	-0.016	1.006191288	0	1
0.000	-0.012	1.006198171	0	1
0.000	-0.008	1.006191319	0	1
0.000	-0.004	1.006174927	0	1
0.000	0.004	1.006188582	0	1
0.000	0.008	1.006189475	0	1
0.000	0.012	1.006189054	0	1
0.000	0.016	1.006187411	0	1
0.000	0.020	1.006187010	0	1
0.000	0.024	1.006192911	0	1
0.000	0.028	1.006188203	0	1
0.000	0.031	1.006189165	0	1
0.000	0.035	1.006189726	0	1
0.000	0.039	1.006193001	0	1
0.000	0.043	1.006196569	0	1
0.000	0.047	1.006186690	0	1
0.000	0.051	1.006187000	0	1
0.000	0.055	1.006190928	0	1
0.000	0.059	1.006186440	0	1
0.000	0.063	1.006188362	0	1
0.000	0.067	1.006191740	0	1
0.000	0.071	1.006190567	0	1
0.000	0.075	1.006188463	0	1
0.000	0.079	1.006172041	0	1
0.000	0.083	1.006187762	0	1
0.000	0.087	1.006190317	0	1
0.000	0.091	1.006190738	0	1
0.000	0.094	1.006187992	0	1
0.000	0.098	1.006187081	0	1
0.000	0.102	1.006184857	0	1
0.000	0.106	1.006189185	0	1
0.000	0.110	1.006186740	0	1
0.000	0.114	1.006185208	0	1
0.000	0.118	1.006198021	0	1
0.000	0.122	1.006190427	0	1
0.000	0.126	1.006184546	0	1
0.000	0.130	1.006190506	0	1
0.000	0.134	1.006194645	0	1
0.000	0.138	1.006186790	0	1
0.000	0.142	1.006191478	0	1
0.000	0.146	1.006187701	1	1
0.000	0.150	1.006190017	4	1
0.000	0.154	1.002086151	5	0
0.000	0.157	1.002086201	9	0
0.000	0.161	1.002085079	6	0
0.000	0.165	1.002085379	6	0
0.000	0.169	1.002085540	9	0
0.000	0.173	1.002085010	6	0
0.000	0.177	0.001015138	5	0
0.000	0.181	0.001014537	5	0
0.000	0.185	0.001014116	6	0
0.000	0.189	0.001013666	5	0
0.000	0.193	0.001013184	6	0
0.000	0.197	0.001012954	10	0
0.000	0.201	0.001012743	16	0
0.000	0.205	0.001012673	6	0
0.000	0.209	0.001012343	24	0
0.000	0.213	0.001012183	4	0
0.000	0.217	0.001012142	31	0
0.000	0.220	0.001012092	31	0
0.000	0.224	0.001012022	31	0
0.000	0.228	0.001011612	31	0
0.000	0.232	0.001011701	31	0
0.000	0.236	0.001011642	31	0
0.000	0.240	0.001011482	31	0
0.000	0.244	0.001011511	31	0
0.000	0.248	0.001011130	31	0
0.000	0.252	0.001011381	31	0
0.000	0.256	0.001011291	31	0
0.000	0.260	0.001011070	31	0
0.000	0.264	0.001011161	31	0
0.000	0.268	0.001011642	31	0
0.000	0.272	0.001010960	31	0
0.000	0.276	0.001010950	31	0
0.000	0.280	0.001010850	31	0
0.000	0.283	0.001010920	31	0
0.000	0.287	0.001010640	31	0
0.000	0.291	0.001010800	31	0
0.000	0.295	0.001010489	31	0
0.000	0.299	0.001010539	31	0
0.000	0.303	0.001010520	31	0
0.000	0.307	0.001010599	31	0
0.000	0.311	0.001010499	31	0
0.000	0.315	0.001010560	31	0
0.000	0.319	0.001010549	31	0
0.000	0.323	0.001010409	31	0
0.000	0.327	0.001010379	31	0
0.000	0.331	0.001010409	31	0
0.000	0.335	0.001010539	31	0
0.000	0.339	0.001010479	31	0
0.000	0.343	0.001010340	31	0
0.000	0.346	0.001010299	31	0
0.000	0.350	0.001010690	31	0
0.000	0.354	0.001010359	31	0
0.000	0.358	0.001010379	31	0
0.000	0.362	0.001010229	31	0
0.000	0.366	0.001010580	31	0
0.000	0.370	0.001010749	31	0
0.000	0.374	0.001010249	31	0
0.000	0.378	0.001010349	31	0
0.000	0.382	0.001010419	31	0
0.000	0.386	0.001010459	31	0
0.000	0.390	0.001011010	31	0
0.000	0.394	0.001010239	31	0
0.000	0.398	0.001011261	31	0
0.000	0.402	0.001010429	31	0
0.000	0.406	0.001010279	31	0
0.000	0.409	0.001011241	31	0
0.000	0.413	0.001010279	31	0
0.000	0.417	0.001010299	31	0
0.000	0.421	0.001010119	31	0
0.000	0.425	0.001010118	31	0
0.000	0.429	0.001011180	31	0
0.000	0.433	0.001007193	31	0
0.000	0.437	0.001008205	31	0
0.000	0.441	0.001006932	31	0
0.000	0.445	0.001009547	31	0
0.000	0.449	0.001010440	31	0
0.000	0.453	0.001009538	31	0
0.000	0.457	0.001009427	31	0
0.000	0.461	0.001009447	31	0
0.000	0.465	0.001009608	31	0
0.000	0.469	0.001009066	31	0
0.000	0.472	0.001009187	31	0
0.000	0.476	0.001009197	31	0
0.000	0.480	0.001009438	31	0
0.000	0.484	0.001009337	31	0
0.000	0.488	0.001009207	31	0
0.000	0.492	0.001008957	31	0
0.000	0.496	0.001009167	31	0
0.000	0.500	0.001009247	31	0
