Vendor ID: 0x1022
Device ID: 0x153e
Lane: 2
Time (%UI)	Voltage (V)	Duration (s)	Count	Pass
-25.000	0.000	1.002084068	5	0
-23.438	0.000	1.006187191	1	1
-21.875	0.000	1.006183674	0	1
-20.312	0.000	1.006184115	0	1
-18.750	0.000	1.006183573	0	1
-17.188	0.000	1.006183764	0	1
-15.625	0.000	1.006184346	0	1
-14.062	0.000	1.006185597	0	1
-12.500	0.000	1.006183313	0	1
-10.938	0.000	1.006182371	0	1
-9.375	0.000	1.006183614	0	1
-7.812	0.000	1.006184105	0	1
-6.250	0.000	1.006183484	0	1
-4.688	0.000	1.006182211	0	1
-3.125	0.000	1.006183594	0	1
-1.562	0.000	1.006183794	0	1
1.562	0.000	1.006183213	0	1
3.125	0.000	1.006183233	0	1
4.688	0.000	1.006181108	0	1
6.250	0.000	1.006184606	0	1
7.812	0.000	1.006187411	0	1
9.375	0.000	1.006179155	0	1
10.938	0.000	1.006179917	0	1
12.500	0.000	1.006185326	0	1
14.062	0.000	1.006187742	0	1
15.625	0.000	1.006180548	0	1
17.188	0.000	1.006181921	0	1
18.750	0.000	1.006179896	0	1
20.312	0.000	1.006180087	0	1
21.875	0.000	1.006179356	0	1
23.438	0.000	1.006177032	0	1
25.000	0.000	1.006179456	0	1
0.000	-0.130	1.006179466	0	1
0.000	-0.126	1.006178965	0	1
0.000	-0.121	1.006176279	0	1
0.000	-0.117	1.006176360	0	1
0.000	-0.112	1.006179515	0	1
0.000	-0.108	1.006179918	0	1
0.000	-0.103	1.006180508	0	1
0.000	-0.099	1.006181470	0	1
0.000	-0.094	1.006181830	0	1
0.000	-0.090	1.006180007	0	1
0.000	-0.085	1.006179616	0	1
0.000	-0.081	1.006181600	0	1
0.000	-0.076	1.006179206	0	1
0.000	-0.072	1.006183664	0	1
0.000	-0.067	1.006179406	0	1
0.000	-0.063	1.006153006	0	1
0.000	-0.058	1.006182592	0	1
0.000	-0.054	1.006180768	0	1
0.000	-0.049	1.006192441	0	1
0.000	-0.045	1.006187501	0	1
0.000	-0.040	1.006179486	0	1
0.000	-0.036	1.006181751	0	1
0.000	-0.031	1.006183414	0	1
0.000	-0.027	1.006184757	0	1
0.000	-0.022	1.006230573	0	1
0.000	-0.018	1.006179947	0	1
0.000	-0.013	1.006184826	0	1
0.000	-0.009	1.006182903	0	1
0.000	-0.004	1.006148298	0	1
0.000	0.004	1.006183463	0	1
0.000	0.009	1.006187240	0	1
0.000	0.013	1.006182422	0	1
0.000	0.018	1.006184986	0	1
0.000	0.022	1.006169748	0	1
0.000	0.027	1.006182080	0	1
0.000	0.031	1.006181840	0	1
0.000	0.036	1.006185387	0	1
0.000	0.040	1.006180779	0	1
0.000	0.045	1.006165489	0	1
0.000	0.049	1.006185908	0	1
0.000	0.054	1.006183804	0	1
0.000	0.058	1.006176831	0	1
0.000	0.063	1.006203641	0	1
0.000	0.067	1.006190246	0	1
0.000	0.072	1.006197761	0	1
0.000	0.076	1.006200235	0	1
0.000	0.081	1.006202169	0	1
0.000	0.085	1.006182051	0	1
0.000	0.090	1.006221465	0	1
0.000	0.094	1.006181881	0	1
0.000	0.099	1.006171922	0	1
0.000	0.103	1.006176871	0	1
0.000	0.108	1.006188923	0	1
0.000	0.112	1.006174958	0	1
0.000	0.117	1.006178314	0	1
0.000	0.121	1.006179827	0	1
0.000	0.126	1.006180128	0	1
0.000	0.130	1.006180088	0	1
