Vendor ID: 0x1022
Device ID: 0x153e
Lane: 2
Time (%UI)	Voltage (V)	Duration (s)	Count	Pass
-25.000	0.000	1.002080961	5	0
-23.438	0.000	1.006182562	1	1
-21.875	0.000	1.006185037	0	1
-20.312	0.000	1.006184716	0	1
-18.750	0.000	1.006183985	0	1
-17.188	0.000	1.006180979	0	1
-15.625	0.000	1.006183925	0	1
-14.062	0.000	1.006187440	0	1
-12.500	0.000	1.006186790	0	1
-10.938	0.000	1.006186830	0	1
-9.375	0.000	1.006186479	0	1
-7.812	0.000	1.006195756	0	1
-6.250	0.000	1.006193343	0	1
-4.688	0.000	1.006185126	0	1
-3.125	0.000	1.006184336	0	1
-1.562	0.000	1.006186120	0	1
1.562	0.000	1.006183934	0	1
3.125	0.000	1.006185788	0	1
4.688	0.000	1.006187351	0	1
6.250	0.000	1.006185929	0	1
7.812	0.000	1.006182962	0	1
9.375	0.000	1.006186468	0	1
10.938	0.000	1.006183665	0	1
12.500	0.000	1.006183173	0	1
14.062	0.000	1.006184054	0	1
15.625	0.000	1.006181880	0	1
17.188	0.000	1.006184465	3	1
18.750	0.000	1.002081713	5	0
20.312	0.000	1.002084018	5	0
21.875	0.000	1.002084328	5	0
23.438	0.000	1.002100188	5	0
25.000	0.000	1.002087805	5	0
0.000	-0.130	1.002090680	5	0
0.000	-0.126	1.002083256	5	0
0.000	-0.121	1.002083716	5	0
0.000	-0.117	1.002084617	5	0
0.000	-0.112	1.002083316	5	0
0.000	-0.108	1.002082575	5	0
0.000	-0.103	1.002083225	5	0
0.000	-0.099	1.002083575	5	0
0.000	-0.094	1.002083106	5	0
0.000	-0.090	1.006183994	0	1
0.000	-0.085	1.006185127	0	1
0.000	-0.081	1.006186929	0	1
0.000	-0.076	1.006187281	0	1
0.000	-0.072	1.006185828	0	1
0.000	-0.067	1.006186589	0	1
0.000	-0.063	1.006185237	0	1
0.000	-0.058	1.006184686	0	1
0.000	-0.054	1.006189996	0	1
0.000	-0.049	1.006174416	0	1
0.000	-0.045	1.006173655	0	1
0.000	-0.040	1.006173384	0	1
0.000	-0.036	1.006174135	0	1
0.000	-0.031	1.006182392	0	1
0.000	-0.027	1.006185227	0	1
0.000	-0.022	1.006183945	0	1
0.000	-0.018	1.006183204	0	1
0.000	-0.013	1.006184676	0	1
0.000	-0.009	1.006184496	0	1
0.000	-0.004	1.006183143	0	1
0.000	0.004	1.006179757	0	1
0.000	0.009	1.006185958	0	1
0.000	0.013	1.006182682	0	1
0.000	0.018	1.006185317	0	1
0.000	0.022	1.006185678	0	1
0.000	0.027	1.006182331	0	1
0.000	0.031	1.006185097	0	1
0.000	0.036	1.006185066	0	1
0.000	0.040	1.006180538	0	1
0.000	0.045	1.006180117	0	1
0.000	0.049	1.006181800	0	1
0.000	0.054	1.006179697	0	1
0.000	0.058	1.006180217	0	1
0.000	0.063	1.006181369	0	1
0.000	0.067	1.006180278	0	1
0.000	0.072	1.006179105	0	1
0.000	0.076	1.006180749	0	1
0.000	0.081	1.006181891	0	1
0.000	0.085	1.006179467	0	1
0.000	0.090	1.006181609	1	1
0.000	0.094	1.006183574	1	1
0.000	0.099	1.002082394	5	0
0.000	0.103	1.002082324	5	0
0.000	0.108	1.002080981	5	0
0.000	0.112	1.002081673	5	0
0.000	0.117	1.002084177	5	0
0.000	0.121	1.002082123	5	0
0.000	0.126	1.002080680	5	0
0.000	0.130	1.002081532	5	0
