Vendor ID: 0x1022
Device ID: 0x153e
Lane: 1
Time (%UI)	Voltage (V)	Duration (s)	Count	Pass
-25.000	0.000	1.002085400	5	0
-23.438	0.000	1.006186419	4	1
-21.875	0.000	1.006184396	2	1
-20.312	0.000	1.006185256	0	1
-18.750	0.000	1.006183884	0	1
-17.188	0.000	1.006187491	0	1
-15.625	0.000	1.006187982	0	1
-14.062	0.000	1.006183653	0	1
-12.500	0.000	1.006186641	0	1
-10.938	0.000	1.006183644	0	1
-9.375	0.000	1.006184626	0	1
-7.812	0.000	1.006187692	0	1
-6.250	0.000	1.006187882	0	1
-4.688	0.000	1.006184957	0	1
-3.125	0.000	1.006185648	0	1
-1.562	0.000	1.006182361	0	1
1.562	0.000	1.006182491	0	1
3.125	0.000	1.006183363	0	1
4.688	0.000	1.006187341	0	1
6.250	0.000	1.006184556	0	1
7.812	0.000	1.006183444	0	1
9.375	0.000	1.006184666	0	1
10.938	0.000	1.006186910	0	1
12.500	0.000	1.006186619	0	1
14.062	0.000	1.006180949	0	1
15.625	0.000	1.006183864	2	1
17.188	0.000	1.002080640	5	0
18.750	0.000	1.002082074	5	0
20.312	0.000	1.002086481	5	0
21.875	0.000	1.002084508	5	0
23.438	0.000	1.002081933	5	0
25.000	0.000	1.004109084	6	0
0.000	-0.130	1.004107581	5	0
0.000	-0.126	1.002083135	5	0
0.000	-0.121	1.002081082	5	0
0.000	-0.117	1.002080039	5	0
0.000	-0.112	1.002081682	5	0
0.000	-0.108	1.002082394	5	0
0.000	-0.103	1.002081422	5	0
0.000	-0.099	1.002080821	5	0
0.000	-0.094	1.006182361	1	1
0.000	-0.090	1.006179798	1	1
0.000	-0.085	1.006181550	0	1
0.000	-0.081	1.006187722	0	1
0.000	-0.076	1.006180228	0	1
0.000	-0.072	1.006147526	0	1
0.000	-0.067	1.006178975	0	1
0.000	-0.063	1.006183032	0	1
0.000	-0.058	1.006180879	0	1
0.000	-0.054	1.006181019	0	1
0.000	-0.049	1.006181310	0	1
0.000	-0.045	1.006181049	0	1
0.000	-0.040	1.006179627	0	1
0.000	-0.036	1.006181609	0	1
0.000	-0.031	1.006179917	0	1
0.000	-0.027	1.006166251	0	1
0.000	-0.022	1.006197030	0	1
0.000	-0.018	1.006179767	0	1
0.000	-0.013	1.006086559	0	1
0.000	-0.009	1.006190877	0	1
0.000	-0.004	1.006188504	0	1
0.000	0.004	1.006179226	0	1
0.000	0.009	1.006184876	0	1
0.000	0.013	1.006150731	0	1
0.000	0.018	1.006180218	0	1
0.000	0.022	1.006182993	0	1
0.000	0.027	1.006186109	0	1
0.000	0.031	1.006185158	0	1
0.000	0.036	1.006155239	0	1
0.000	0.040	1.006179717	0	1
0.000	0.045	1.006186319	0	1
0.000	0.049	1.006190907	0	1
0.000	0.054	1.006185728	0	1
0.000	0.058	1.006171590	0	1
0.000	0.063	1.006182071	0	1
0.000	0.067	1.006182151	0	1
0.000	0.072	1.006185719	0	1
0.000	0.076	1.006186009	0	1
0.000	0.081	1.006169667	0	1
0.000	0.085	1.006184405	0	1
0.000	0.090	1.006183764	2	1
0.000	0.094	1.006186600	1	1
0.000	0.099	1.002084568	5	0
0.000	0.103	1.002088987	5	0
0.000	0.108	1.002084137	5	0
0.000	0.112	1.002083326	5	0
0.000	0.117	1.002083916	5	0
0.000	0.121	1.002084999	5	0
0.000	0.126	1.002083035	5	0
0.000	0.130	1.002082785	5	0
