Vendor ID: 0x1022
Device ID: 0x153e
Lane: 2
Time (%UI)	Voltage (V)	Duration (s)	Count	Pass
-25.000	0.000	1.006183845	4	1
-23.438	0.000	1.006182442	0	1
-21.875	0.000	1.006183914	0	1
-20.312	0.000	1.006182591	0	1
-18.750	0.000	1.006182732	0	1
-17.188	0.000	1.006185718	0	1
-15.625	0.000	1.006183143	0	1
-14.062	0.000	1.006177302	0	1
-12.500	0.000	1.006181119	0	1
-10.938	0.000	1.006178684	0	1
-9.375	0.000	1.006179657	0	1
-7.812	0.000	1.006186039	0	1
-6.250	0.000	1.006179887	0	1
-4.688	0.000	1.006178223	0	1
-3.125	0.000	1.006184816	0	1
-1.562	0.000	1.006180618	0	1
1.562	0.000	1.006177894	0	1
3.125	0.000	1.006180067	0	1
4.688	0.000	1.006180388	0	1
6.250	0.000	1.006180959	0	1
7.812	0.000	1.006178434	0	1
9.375	0.000	1.006181170	0	1
10.938	0.000	1.006178063	0	1
12.500	0.000	1.006179918	0	1
14.062	0.000	1.006180709	0	1
15.625	0.000	1.006179426	0	1
17.188	0.000	1.002079379	5	0
18.750	0.000	1.002080260	5	0
20.312	0.000	1.002083285	5	0
21.875	0.000	1.002080200	5	0
23.438	0.000	1.002080721	5	0
25.000	0.000	1.002083826	5	0
0.000	-0.130	1.002082865	5	0
0.000	-0.126	1.002080451	5	0
0.000	-0.121	1.002080842	5	0
0.000	-0.117	1.002081191	5	0
0.000	-0.112	1.002082615	5	0
0.000	-0.108	1.002079678	5	0
0.000	-0.103	1.002082645	5	0
0.000	-0.099	1.006181229	2	1
0.000	-0.094	1.006180447	1	1
0.000	-0.090	1.006178565	0	1
0.000	-0.085	1.006181751	0	1
0.000	-0.081	1.006180378	0	1
0.000	-0.076	1.006180167	0	1
0.000	-0.072	1.006178475	0	1
0.000	-0.067	1.006187511	0	1
0.000	-0.063	1.006179045	0	1
0.000	-0.058	1.006182482	0	1
0.000	-0.054	1.006181790	0	1
0.000	-0.049	1.006181480	0	1
0.000	-0.045	1.006181771	0	1
0.000	-0.040	1.006179295	0	1
0.000	-0.036	1.006180829	0	1
0.000	-0.031	1.006178844	0	1
0.000	-0.027	1.006180297	0	1
0.000	-0.022	1.006180688	0	1
0.000	-0.018	1.006179436	0	1
0.000	-0.013	1.006160059	0	1
0.000	-0.009	1.006180939	0	1
0.000	-0.004	1.006178986	0	1
0.000	0.004	1.006179066	0	1
0.000	0.009	1.006179768	0	1
0.000	0.013	1.006184715	0	1
0.000	0.018	1.006157133	0	1
0.000	0.022	1.006179677	0	1
0.000	0.027	1.006074638	0	1
0.000	0.031	1.006178094	0	1
0.000	0.036	1.006171472	0	1
0.000	0.040	1.006181560	0	1
0.000	0.045	1.006182823	0	1
0.000	0.049	1.006139770	0	1
0.000	0.054	1.006181009	0	1
0.000	0.058	1.006188273	0	1
0.000	0.063	1.006163125	0	1
0.000	0.067	1.006181971	0	1
0.000	0.072	1.006167363	0	1
0.000	0.076	1.006108952	0	1
0.000	0.081	1.006175739	0	1
0.000	0.085	1.006183614	0	1
0.000	0.090	1.006182040	0	1
0.000	0.094	1.006164357	1	1
0.000	0.099	1.002079428	5	0
0.000	0.103	1.002081753	5	0
0.000	0.108	1.002081051	5	0
0.000	0.112	1.002084669	5	0
0.000	0.117	1.002083015	5	0
0.000	0.121	1.002079819	5	0
0.000	0.126	1.002084267	5	0
0.000	0.130	1.004107129	5	0
