Vendor ID: 0x1022
Device ID: 0x153e
Lane: 3
Time (%UI)	Voltage (V)	Duration (s)	Count	Pass
-25.000	0.000	1.006172063	1	1
-23.438	0.000	1.006177602	0	1
-21.875	0.000	1.006177101	0	1
-20.312	0.000	1.006176200	0	1
-18.750	0.000	1.006177773	0	1
-17.188	0.000	1.006171731	0	1
-15.625	0.000	1.006176711	0	1
-14.062	0.000	1.006176320	0	1
-12.500	0.000	1.006215264	0	1
-10.938	0.000	1.006185447	0	1
-9.375	0.000	1.006181390	0	1
-7.812	0.000	1.006178785	0	1
-6.250	0.000	1.006183403	0	1
-4.688	0.000	1.006181711	0	1
-3.125	0.000	1.006178834	0	1
-1.562	0.000	1.006170480	0	1
1.562	0.000	1.006174758	0	1
3.125	0.000	1.006177673	0	1
4.688	0.000	1.006176670	0	1
6.250	0.000	1.006177192	0	1
7.812	0.000	1.006177703	0	1
9.375	0.000	1.006178675	0	1
10.938	0.000	1.006177061	0	1
12.500	0.000	1.006179527	0	1
14.062	0.000	1.006177192	0	1
15.625	0.000	1.006177181	0	1
17.188	0.000	1.006179897	0	1
18.750	0.000	1.006178705	1	1
20.312	0.000	1.002080590	5	0
21.875	0.000	1.002081893	5	0
23.438	0.000	1.002086763	5	0
25.000	0.000	1.002082043	5	0
0.000	-0.130	1.006179907	0	1
0.000	-0.126	1.006177211	0	1
0.000	-0.121	1.006179036	0	1
0.000	-0.117	1.006176221	0	1
0.000	-0.112	1.006177221	0	1
0.000	-0.108	1.006177052	0	1
0.000	-0.103	1.006175109	0	1
0.000	-0.099	1.006176871	0	1
0.000	-0.094	1.006179176	0	1
0.000	-0.090	1.006174828	0	1
0.000	-0.085	1.006174076	0	1
0.000	-0.081	1.006177692	0	1
0.000	-0.076	1.006177984	0	1
0.000	-0.072	1.006185037	0	1
0.000	-0.067	1.006179817	0	1
0.000	-0.063	1.006180407	0	1
0.000	-0.058	1.006177893	0	1
0.000	-0.054	1.006177482	0	1
0.000	-0.049	1.006188002	0	1
0.000	-0.045	1.006179927	0	1
0.000	-0.040	1.006178865	0	1
0.000	-0.036	1.006178355	0	1
0.000	-0.031	1.006175819	0	1
0.000	-0.027	1.006179456	0	1
0.000	-0.022	1.006177472	0	1
0.000	-0.018	1.006175669	0	1
0.000	-0.013	1.006175057	0	1
0.000	-0.009	1.006174256	0	1
0.000	-0.004	1.006168735	0	1
0.000	0.004	1.006175508	0	1
0.000	0.009	1.006180979	0	1
0.000	0.013	1.006181189	0	1
0.000	0.018	1.006176691	0	1
0.000	0.022	1.006178294	0	1
0.000	0.027	1.006178826	0	1
0.000	0.031	1.006182522	0	1
0.000	0.036	1.006176991	0	1
0.000	0.040	1.006176050	0	1
0.000	0.045	1.006179196	0	1
0.000	0.049	1.006177882	0	1
0.000	0.054	1.006174617	0	1
0.000	0.058	1.006175638	0	1
0.000	0.063	1.006173575	0	1
0.000	0.067	1.006180597	0	1
0.000	0.072	1.006176761	0	1
0.000	0.076	1.006173926	0	1
0.000	0.081	1.006172653	0	1
0.000	0.085	1.006178896	0	1
0.000	0.090	1.006188263	0	1
0.000	0.094	1.006183544	0	1
0.000	0.099	1.006178365	0	1
0.000	0.103	1.006178144	0	1
0.000	0.108	1.006187060	0	1
0.000	0.112	1.006180247	0	1
0.000	0.117	1.006166282	0	1
0.000	0.121	1.006182873	0	1
0.000	0.126	1.006176772	0	1
0.000	0.130	1.006179706	0	1
