Vendor ID: 0x1022
Device ID: 0x153e
Lane: 2
Time (%UI)	Voltage (V)	Duration (s)	Count	Pass
-25.000	0.000	1.002080250	5	0
-23.438	0.000	1.002086912	5	0
-21.875	0.000	1.006186260	1	1
-20.312	0.000	1.006178293	0	1
-18.750	0.000	1.006180608	0	1
-17.188	0.000	1.006181731	0	1
-15.625	0.000	1.006181740	0	1
-14.062	0.000	1.006179096	0	1
-12.500	0.000	1.006180989	0	1
-10.938	0.000	1.006179506	0	1
-9.375	0.000	1.006180377	0	1
-7.812	0.000	1.006178704	0	1
-6.250	0.000	1.006182712	0	1
-4.688	0.000	1.006178884	0	1
-3.125	0.000	1.006181159	0	1
-1.562	0.000	1.006183023	0	1
1.562	0.000	1.006180037	0	1
3.125	0.000	1.006176850	0	1
4.688	0.000	1.006189445	0	1
6.250	0.000	1.006180327	0	1
7.812	0.000	1.006178604	0	1
9.375	0.000	1.006180367	0	1
10.938	0.000	1.006178133	0	1
12.500	0.000	1.006178144	0	1
14.062	0.000	1.006178966	0	1
15.625	0.000	1.006180067	1	1
17.188	0.000	1.006180118	3	1
18.750	0.000	1.002081192	5	0
20.312	0.000	1.002080441	5	0
21.875	0.000	1.002080059	5	0
23.438	0.000	1.002079808	5	0
25.000	0.000	1.002080521	5	0
0.000	-0.130	1.002083696	5	0
0.000	-0.126	1.002077023	5	0
0.000	-0.121	1.002078167	5	0
0.000	-0.117	1.002080079	5	0
0.000	-0.112	1.002080960	5	0
0.000	-0.108	1.006172323	3	1
0.000	-0.103	1.006161321	4	1
0.000	-0.099	1.006153147	1	1
0.000	-0.094	1.006173024	0	1
0.000	-0.090	1.006122368	0	1
0.000	-0.085	1.006170850	0	1
0.000	-0.081	1.006181280	0	1
0.000	-0.076	1.006423740	0	1
0.000	-0.072	1.006176621	0	1
0.000	-0.067	1.006180358	0	1
0.000	-0.063	1.006184366	0	1
0.000	-0.058	1.006181048	0	1
0.000	-0.054	1.006185137	0	1
0.000	-0.049	1.006179786	0	1
0.000	-0.045	1.006184395	0	1
0.000	-0.040	1.006182301	0	1
0.000	-0.036	1.006181109	0	1
0.000	-0.031	1.006157585	0	1
0.000	-0.027	1.006187191	0	1
0.000	-0.022	1.006182603	0	1
0.000	-0.018	1.006179416	0	1
0.000	-0.013	1.006180508	0	1
0.000	-0.009	1.006180248	0	1
0.000	-0.004	1.006181049	0	1
0.000	0.004	1.006180048	0	1
0.000	0.009	1.006125995	0	1
0.000	0.013	1.006178184	0	1
0.000	0.018	1.006178224	0	1
0.000	0.022	1.006181640	0	1
0.000	0.027	1.006180027	0	1
0.000	0.031	1.006153888	0	1
0.000	0.036	1.006127858	0	1
0.000	0.040	1.006186781	0	1
0.000	0.045	1.006187491	0	1
0.000	0.049	1.006190037	0	1
0.000	0.054	1.006178865	0	1
0.000	0.058	1.006182742	0	1
0.000	0.063	1.006181060	0	1
0.000	0.067	1.006131574	0	1
0.000	0.072	1.006183404	0	1
0.000	0.076	1.006172554	0	1
0.000	0.081	1.006181120	0	1
0.000	0.085	1.006184345	0	1
0.000	0.090	1.006184525	0	1
0.000	0.094	1.006181118	0	1
0.000	0.099	1.006180108	2	1
0.000	0.103	1.006182933	3	1
0.000	0.108	1.002082895	5	0
0.000	0.112	1.002085189	5	0
0.000	0.117	1.002086011	5	0
0.000	0.121	1.002086762	5	0
0.000	0.126	1.002085961	5	0
0.000	0.130	1.002077193	5	0
