Vendor ID: 0x1022
Device ID: 0x153e
Lane: 3
Time (%UI)	Voltage (V)	Duration (s)	Count	Pass
-25.000	0.000	1.002084938	5	0
-23.438	0.000	1.006185407	0	1
-21.875	0.000	1.006179807	4	1
-20.312	0.000	1.006185547	0	1
-18.750	0.000	1.006187332	0	1
-17.188	0.000	1.006185006	0	1
-15.625	0.000	1.006184767	0	1
-14.062	0.000	1.006184956	0	1
-12.500	0.000	1.006181860	0	1
-10.938	0.000	1.006185838	0	1
-9.375	0.000	1.006184316	0	1
-7.812	0.000	1.006178504	0	1
-6.250	0.000	1.006182271	0	1
-4.688	0.000	1.006185218	0	1
-3.125	0.000	1.006177803	0	1
-1.562	0.000	1.006183504	0	1
1.562	0.000	1.006183153	0	1
3.125	0.000	1.006185257	0	1
4.688	0.000	1.006182622	0	1
6.250	0.000	1.006188824	0	1
7.812	0.000	1.006183173	0	1
9.375	0.000	1.006182583	0	1
10.938	0.000	1.006186378	0	1
12.500	0.000	1.006187891	0	1
14.062	0.000	1.006178715	0	1
15.625	0.000	1.006191679	1	1
17.188	0.000	1.006157204	4	1
18.750	0.000	1.002070731	5	0
20.312	0.000	1.002069840	5	0
21.875	0.000	1.002060543	5	0
23.438	0.000	1.002058028	5	0
25.000	0.000	1.002069639	5	0
0.000	-0.130	1.002074619	5	0
0.000	-0.126	1.002052066	5	0
0.000	-0.121	1.002072145	5	0
0.000	-0.117	1.002080550	5	0
0.000	-0.112	1.002082264	5	0
0.000	-0.108	1.002082925	5	0
0.000	-0.103	1.002082975	5	0
0.000	-0.099	1.006183213	3	1
0.000	-0.094	1.006186349	4	1
0.000	-0.090	1.006180709	1	1
0.000	-0.085	1.006186379	0	1
0.000	-0.081	1.006179577	0	1
0.000	-0.076	1.006152756	0	1
0.000	-0.072	1.006177211	0	1
0.000	-0.067	1.006180268	0	1
0.000	-0.063	1.006182011	0	1
0.000	-0.058	1.006181731	0	1
0.000	-0.054	1.006178694	0	1
0.000	-0.049	1.006180358	0	1
0.000	-0.045	1.006180439	0	1
0.000	-0.040	1.006180507	0	1
0.000	-0.036	1.006179866	0	1
0.000	-0.031	1.006168556	0	1
0.000	-0.027	1.006180959	0	1
0.000	-0.022	1.006180849	0	1
0.000	-0.018	1.006100006	0	1
0.000	-0.013	1.006178925	0	1
0.000	-0.009	1.006180668	0	1
0.000	-0.004	1.006178795	0	1
0.000	0.004	1.006180258	0	1
0.000	0.009	1.006170779	0	1
0.000	0.013	1.006167524	0	1
0.000	0.018	1.006159699	0	1
0.000	0.022	1.006180999	0	1
0.000	0.027	1.006185247	0	1
0.000	0.031	1.006179416	0	1
0.000	0.036	1.006197000	0	1
0.000	0.040	1.006181921	0	1
0.000	0.045	1.006183283	0	1
0.000	0.049	1.006184997	0	1
0.000	0.054	1.006150431	0	1
0.000	0.058	1.006144740	0	1
0.000	0.063	1.006158657	0	1
0.000	0.067	1.006158286	0	1
0.000	0.072	1.006179826	0	1
0.000	0.076	1.006159207	0	1
0.000	0.081	1.006156743	0	1
0.000	0.085	1.006167944	0	1
0.000	0.090	1.006178283	0	1
0.000	0.094	1.006186069	3	1
0.000	0.099	1.002072645	5	0
0.000	0.103	1.002075010	5	0
0.000	0.108	1.002080441	5	0
0.000	0.112	1.002084679	5	0
0.000	0.117	1.002076342	5	0
0.000	0.121	1.002069890	5	0
0.000	0.126	1.002070741	5	0
0.000	0.130	1.002070873	5	0
