Vendor ID: 0x1022
Device ID: 0x153e
Lane: 2
Time (%UI)	Voltage (V)	Duration (s)	Count	Pass
-25.000	0.000	1.002081102	5	0
-23.438	0.000	1.006178825	2	1
-21.875	0.000	1.006178895	2	1
-20.312	0.000	1.006182391	0	1
-18.750	0.000	1.006180758	0	1
-17.188	0.000	1.006181109	0	1
-15.625	0.000	1.006181891	0	1
-14.062	0.000	1.006179886	0	1
-12.500	0.000	1.006182773	0	1
-10.938	0.000	1.006178785	0	1
-9.375	0.000	1.006179636	0	1
-7.812	0.000	1.006180238	0	1
-6.250	0.000	1.006183664	0	1
-4.688	0.000	1.006180639	0	1
-3.125	0.000	1.006177332	0	1
-1.562	0.000	1.006155269	0	1
1.562	0.000	1.006179816	0	1
3.125	0.000	1.006178824	0	1
4.688	0.000	1.006178524	0	1
6.250	0.000	1.006180659	0	1
7.812	0.000	1.006181090	0	1
9.375	0.000	1.006187531	0	1
10.938	0.000	1.006183784	0	1
12.500	0.000	1.006070919	0	1
14.062	0.000	1.006181400	1	1
15.625	0.000	1.002080600	5	0
17.188	0.000	1.002083576	5	0
18.750	0.000	1.002083206	5	0
20.312	0.000	1.002070121	5	0
21.875	0.000	1.002080090	5	0
23.438	0.000	1.002082845	5	0
25.000	0.000	1.002081613	5	0
0.000	-0.130	1.002081893	5	0
0.000	-0.126	1.002071162	5	0
0.000	-0.121	1.002077585	5	0
0.000	-0.117	1.002081251	5	0
0.000	-0.112	1.002081001	5	0
0.000	-0.108	1.002093094	5	0
0.000	-0.103	1.002085140	5	0
0.000	-0.099	1.002078366	5	0
0.000	-0.094	1.006184325	2	1
0.000	-0.090	1.006184547	0	1
0.000	-0.085	1.006187090	0	1
0.000	-0.081	1.006154088	0	1
0.000	-0.076	1.006183874	0	1
0.000	-0.072	1.006183424	0	1
0.000	-0.067	1.006185016	0	1
0.000	-0.063	1.006182021	0	1
0.000	-0.058	1.006176370	0	1
0.000	-0.054	1.006180869	0	1
0.000	-0.049	1.006182221	0	1
0.000	-0.045	1.006184676	0	1
0.000	-0.040	1.006184566	0	1
0.000	-0.036	1.006179967	0	1
0.000	-0.031	1.006183604	0	1
0.000	-0.027	1.006183874	0	1
0.000	-0.022	1.006183324	0	1
0.000	-0.018	1.006183132	0	1
0.000	-0.013	1.006184495	0	1
0.000	-0.009	1.006185377	0	1
0.000	-0.004	1.006184667	0	1
0.000	0.004	1.006188284	0	1
0.000	0.009	1.006185228	0	1
0.000	0.013	1.006176400	0	1
0.000	0.018	1.006185258	0	1
0.000	0.022	1.006186019	0	1
0.000	0.027	1.006186219	0	1
0.000	0.031	1.006189115	0	1
0.000	0.036	1.006180187	0	1
0.000	0.040	1.006183664	0	1
0.000	0.045	1.006181459	0	1
0.000	0.049	1.006186519	0	1
0.000	0.054	1.006182402	0	1
0.000	0.058	1.006179826	0	1
0.000	0.063	1.006182061	0	1
0.000	0.067	1.006182051	0	1
0.000	0.072	1.006185017	0	1
0.000	0.076	1.006184656	0	1
0.000	0.081	1.006184846	0	1
0.000	0.085	1.006183614	1	1
0.000	0.090	1.006185727	1	1
0.000	0.094	1.006182722	3	1
0.000	0.099	1.002083696	5	0
0.000	0.103	1.002081813	5	0
0.000	0.108	1.002081132	5	0
0.000	0.112	1.002081954	5	0
0.000	0.117	1.002083215	5	0
0.000	0.121	1.002082153	5	0
0.000	0.126	1.002082144	5	0
0.000	0.130	1.002081231	5	0
