Vendor ID: 0x1e0f
Device ID: 0x2b
Lane: 0
Time (%UI)	Voltage (V)	Duration (s)	Count	Pass
-50.000	0.000	0.003025698	31	0
-48.438	0.000	0.003025497	31	0
-46.875	0.000	0.003025427	31	0
-45.312	0.000	0.003025096	31	0
-43.750	0.000	0.003025727	31	0
-42.188	0.000	0.003024685	31	0
-40.625	0.000	0.003024886	31	0
-39.062	0.000	0.003024455	31	0
-37.500	0.000	0.003025417	31	0
-35.938	0.000	0.003025056	31	0
-34.375	0.000	0.003025096	16	0
-32.812	0.000	0.003025046	22	0
-31.250	0.000	0.003024675	5	0
-29.688	0.000	0.003025236	6	0
-28.125	0.000	1.004095387	5	0
-26.562	0.000	0.003039183	5	0
-25.000	0.000	1.004101880	5	0
-23.438	0.000	1.004104464	5	0
-21.875	0.000	1.004103893	5	0
-20.312	0.000	1.008189835	2	1
-18.750	0.000	1.008186618	0	1
-17.188	0.000	1.008187249	0	1
-15.625	0.000	1.008178122	0	1
-14.062	0.000	1.008199013	0	1
-12.500	0.000	1.008200745	0	1
-10.938	0.000	1.008198521	0	1
-9.375	0.000	1.008199704	0	1
-7.812	0.000	1.008198932	0	1
-6.250	0.000	1.008198902	0	1
-4.688	0.000	1.008203501	0	1
-3.125	0.000	1.008203370	0	1
-1.562	0.000	1.008199323	0	1
1.562	0.000	1.008200826	0	1
3.125	0.000	1.008200184	0	1
4.688	0.000	1.008199402	0	1
6.250	0.000	1.008202298	0	1
7.812	0.000	1.008198321	0	1
9.375	0.000	1.008201838	0	1
10.938	0.000	1.008185828	0	1
12.500	0.000	1.008194704	0	1
14.062	0.000	1.008199253	0	1
15.625	0.000	1.008218189	0	1
17.188	0.000	1.008159867	0	1
18.750	0.000	1.008204303	0	1
20.312	0.000	1.008212458	0	1
21.875	0.000	1.008090436	3	1
23.438	0.000	1.004053358	5	0
25.000	0.000	1.004100858	5	0
26.562	0.000	1.004115946	5	0
28.125	0.000	0.003041026	5	0
29.688	0.000	1.004124813	5	0
31.250	0.000	0.003040936	5	0
32.812	0.000	0.003039453	6	0
34.375	0.000	0.003037379	5	0
35.938	0.000	0.003036648	15	0
37.500	0.000	0.003036187	11	0
39.062	0.000	0.003035415	31	0
40.625	0.000	0.003034384	31	0
42.188	0.000	0.003033612	31	0
43.750	0.000	0.003033091	31	0
45.312	0.000	0.003031989	31	0
46.875	0.000	0.003031579	31	0
48.438	0.000	0.003032801	31	0
50.000	0.000	0.003031959	31	0
0.000	-0.440	0.003031799	6	0
0.000	-0.433	0.003031699	7	0
0.000	-0.426	0.003029024	6	0
0.000	-0.419	0.003028914	14	0
0.000	-0.412	0.003028733	7	0
0.000	-0.406	0.003028221	5	0
0.000	-0.399	0.003028432	13	0
0.000	-0.392	0.003028191	6	0
0.000	-0.385	0.003028353	5	0
0.000	-0.378	0.003027210	5	0
0.000	-0.371	0.003026970	5	0
0.000	-0.364	0.003027350	5	0
0.000	-0.357	0.003026919	5	0
0.000	-0.351	0.003026859	5	0
0.000	-0.344	1.004094987	5	0
0.000	-0.337	0.003038692	6	0
0.000	-0.330	0.003107783	5	0
0.000	-0.323	0.003041988	5	0
0.000	-0.316	1.004114875	5	0
0.000	-0.309	0.003039013	5	0
0.000	-0.302	0.003037490	5	0
0.000	-0.296	1.004107270	5	0
0.000	-0.289	1.004111348	5	0
0.000	-0.282	1.004112570	5	0
0.000	-0.275	1.004112801	5	0
0.000	-0.268	1.004113442	5	0
0.000	-0.261	1.004109864	5	0
0.000	-0.254	1.004110837	5	0
0.000	-0.247	1.004111548	5	0
0.000	-0.241	1.004114524	5	0
0.000	-0.234	1.004112210	5	0
0.000	-0.227	1.008217969	3	1
0.000	-0.220	1.004111117	5	0
0.000	-0.213	1.004113873	5	0
0.000	-0.206	1.008219992	0	1
0.000	-0.199	1.004115085	5	0
0.000	-0.193	1.004114955	5	0
0.000	-0.186	1.008217166	1	1
0.000	-0.179	1.004110757	5	0
0.000	-0.172	1.008222777	0	1
0.000	-0.165	1.008216485	0	1
0.000	-0.158	1.008213700	0	1
0.000	-0.151	1.008210053	1	1
0.000	-0.144	1.008212548	0	1
0.000	-0.138	1.008211535	0	1
0.000	-0.131	1.008214050	0	1
0.000	-0.124	1.008212297	0	1
0.000	-0.117	1.008213449	0	1
0.000	-0.110	1.008210253	0	1
0.000	-0.103	1.008213880	0	1
0.000	-0.096	1.008212438	0	1
0.000	-0.089	1.008214782	0	1
0.000	-0.083	1.008217567	0	1
0.000	-0.076	1.008214291	0	1
0.000	-0.069	1.008212577	0	1
0.000	-0.062	1.008214461	0	1
0.000	-0.055	1.008219602	0	1
0.000	-0.048	1.008210904	0	1
0.000	-0.041	1.008214972	0	1
0.000	-0.034	1.008208871	0	1
0.000	-0.028	1.008214180	0	1
0.000	-0.021	1.008211827	0	1
0.000	-0.014	1.008209873	0	1
0.000	-0.007	1.008209973	0	1
0.000	0.007	1.008211236	0	1
0.000	0.014	1.008209592	0	1
0.000	0.021	1.008208670	0	1
0.000	0.028	1.008210184	0	1
0.000	0.034	1.008209482	0	1
0.000	0.041	1.008210674	0	1
0.000	0.048	1.008214573	0	1
0.000	0.055	1.008211075	0	1
0.000	0.062	1.008215323	0	1
0.000	0.069	1.008215964	0	1
0.000	0.076	1.008212156	0	1
0.000	0.083	1.008214141	0	1
0.000	0.089	1.008227606	0	1
0.000	0.096	1.008211146	0	1
0.000	0.103	1.008212328	0	1
0.000	0.110	1.008211736	0	1
0.000	0.117	1.008209972	0	1
0.000	0.124	1.008210605	0	1
0.000	0.131	1.008211174	0	1
0.000	0.138	1.008208130	0	1
0.000	0.144	1.008208851	0	1
0.000	0.151	1.008209341	0	1
0.000	0.158	1.008192771	0	1
0.000	0.165	1.008208670	0	1
0.000	0.172	1.008211385	0	1
0.000	0.179	1.008213019	0	1
0.000	0.186	1.008219361	0	1
0.000	0.193	1.004118952	5	0
0.000	0.199	1.008215574	1	1
0.000	0.206	1.008167902	0	1
0.000	0.213	1.008106616	3	1
0.000	0.220	1.008199203	2	1
0.000	0.227	1.008197780	4	1
0.000	0.234	1.008209893	3	1
0.000	0.241	1.004111819	5	0
0.000	0.247	1.004102450	5	0
0.000	0.254	1.004098104	5	0
0.000	0.261	1.004111919	5	0
0.000	0.268	1.004109584	5	0
0.000	0.275	1.004110877	5	0
0.000	0.282	1.004113161	5	0
0.000	0.289	1.004099284	5	0
0.000	0.296	1.004111729	5	0
0.000	0.302	1.004120926	5	0
0.000	0.309	1.004116166	5	0
0.000	0.316	1.004110667	5	0
0.000	0.323	0.003032691	5	0
0.000	0.330	0.003031959	5	0
0.000	0.337	0.003031879	5	0
0.000	0.344	1.004109485	5	0
0.000	0.351	1.004114473	5	0
0.000	0.357	1.004111168	6	0
0.000	0.364	0.003042128	5	0
0.000	0.371	0.003039222	5	0
0.000	0.378	0.003037930	5	0
0.000	0.385	0.003036828	9	0
0.000	0.392	0.003035836	10	0
0.000	0.399	1.004107661	6	0
0.000	0.406	0.003043481	5	0
0.000	0.412	0.003042729	6	0
0.000	0.419	0.003038952	8	0
0.000	0.426	0.003037720	5	0
0.000	0.433	0.003037199	6	0
0.000	0.440	0.003037179	16	0
