Vendor ID: 0x1022
Device ID: 0x153e
Lane: 0
Time (%UI)	Voltage (V)	Duration (s)	Count	Pass
-25.000	0.000	1.002079679	5	0
-23.438	0.000	1.002082514	5	0
-21.875	0.000	1.006182040	1	1
-20.312	0.000	1.006180278	3	1
-18.750	0.000	1.006188543	0	1
-17.188	0.000	1.006180358	0	1
-15.625	0.000	1.006181750	0	1
-14.062	0.000	1.006186410	0	1
-12.500	0.000	1.006182251	0	1
-10.938	0.000	1.006162473	0	1
-9.375	0.000	1.006177813	0	1
-7.812	0.000	1.006175770	0	1
-6.250	0.000	1.006177162	0	1
-4.688	0.000	1.006179405	0	1
-3.125	0.000	1.006178013	0	1
-1.562	0.000	1.006159719	0	1
1.562	0.000	1.006176340	0	1
3.125	0.000	1.006181740	0	1
4.688	0.000	1.006180799	0	1
6.250	0.000	1.006178725	0	1
7.812	0.000	1.006183725	0	1
9.375	0.000	1.006177783	0	1
10.938	0.000	1.006176040	0	1
12.500	0.000	1.006182261	0	1
14.062	0.000	1.006139690	0	1
15.625	0.000	1.006163466	0	1
17.188	0.000	1.006136243	1	1
18.750	0.000	1.002070401	5	0
20.312	0.000	1.002075039	5	0
21.875	0.000	1.002066413	5	0
23.438	0.000	1.002066614	5	0
25.000	0.000	1.002079508	5	0
0.000	-0.130	1.002068969	5	0
0.000	-0.126	1.002034112	5	0
0.000	-0.121	1.002052568	5	0
0.000	-0.117	1.002067325	5	0
0.000	-0.112	1.002077013	5	0
0.000	-0.108	1.002080541	5	0
0.000	-0.103	1.002066394	5	0
0.000	-0.099	1.002072275	5	0
0.000	-0.094	1.002078145	5	0
0.000	-0.090	1.006178334	3	1
0.000	-0.085	1.006176250	0	1
0.000	-0.081	1.006118260	0	1
0.000	-0.076	1.006174397	0	1
0.000	-0.072	1.006176551	0	1
0.000	-0.067	1.006187110	0	1
0.000	-0.063	1.006176921	0	1
0.000	-0.058	1.006153677	0	1
0.000	-0.054	1.006177893	0	1
0.000	-0.049	1.006178464	0	1
0.000	-0.045	1.006180188	0	1
0.000	-0.040	1.006179105	0	1
0.000	-0.036	1.006175658	0	1
0.000	-0.031	1.006181189	0	1
0.000	-0.027	1.006176701	0	1
0.000	-0.022	1.006179196	0	1
0.000	-0.018	1.006180118	0	1
0.000	-0.013	1.006172313	0	1
0.000	-0.009	1.006181690	0	1
0.000	-0.004	1.006181249	0	1
0.000	0.004	1.006179226	0	1
0.000	0.009	1.006181270	0	1
0.000	0.013	1.006178494	0	1
0.000	0.018	1.006179185	0	1
0.000	0.022	1.006184285	0	1
0.000	0.027	1.006179416	0	1
0.000	0.031	1.006180077	0	1
0.000	0.036	1.006177653	0	1
0.000	0.040	1.006180649	0	1
0.000	0.045	1.006180698	0	1
0.000	0.049	1.006181820	0	1
0.000	0.054	1.006116196	0	1
0.000	0.058	1.006156303	0	1
0.000	0.063	1.006176089	0	1
0.000	0.067	1.006155040	0	1
0.000	0.072	1.006131295	0	1
0.000	0.076	1.006164156	0	1
0.000	0.081	1.006153887	0	1
0.000	0.085	1.006167273	0	1
0.000	0.090	1.006158917	0	1
0.000	0.094	1.006178223	0	1
0.000	0.099	1.006178304	3	1
0.000	0.103	1.002067485	5	0
0.000	0.108	1.002079608	5	0
0.000	0.112	1.002030115	5	0
0.000	0.117	1.002029674	5	0
0.000	0.121	1.002028803	5	0
0.000	0.126	1.002034433	5	0
0.000	0.130	1.002031417	5	0
