Vendor ID: 0x1022
Device ID: 0x153e
Lane: 0
Time (%UI)	Voltage (V)	Duration (s)	Count	Pass
-25.000	0.000	1.006179567	4	1
-23.438	0.000	1.006180458	2	1
-21.875	0.000	1.006186569	0	1
-20.312	0.000	1.006182522	0	1
-18.750	0.000	1.006180739	0	1
-17.188	0.000	1.006180708	0	1
-15.625	0.000	1.006203673	0	1
-14.062	0.000	1.006189285	0	1
-12.500	0.000	1.006178224	0	1
-10.938	0.000	1.006168775	0	1
-9.375	0.000	1.006176780	0	1
-7.812	0.000	1.006185668	0	1
-6.250	0.000	1.006101309	0	1
-4.688	0.000	1.006174647	0	1
-3.125	0.000	1.006182863	0	1
-1.562	0.000	1.006187802	0	1
1.562	0.000	1.006178334	0	1
3.125	0.000	1.006141685	0	1
4.688	0.000	1.006179917	0	1
6.250	0.000	1.006182321	0	1
7.812	0.000	1.006178765	0	1
9.375	0.000	1.006178775	0	1
10.938	0.000	1.006162724	0	1
12.500	0.000	1.006175799	0	1
14.062	0.000	1.006178745	0	1
15.625	0.000	1.006181300	0	1
17.188	0.000	1.006180768	2	1
18.750	0.000	1.002075622	5	0
20.312	0.000	1.002079689	5	0
21.875	0.000	1.002083697	5	0
23.438	0.000	1.002080270	5	0
25.000	0.000	1.002086472	5	0
0.000	-0.130	1.002086152	5	0
0.000	-0.126	1.002081131	5	0
0.000	-0.121	1.002081082	5	0
0.000	-0.117	1.002088596	5	0
0.000	-0.112	1.002083105	5	0
0.000	-0.108	1.002082555	5	0
0.000	-0.103	1.002080461	5	0
0.000	-0.099	1.006176210	2	1
0.000	-0.094	1.006177302	1	1
0.000	-0.090	1.006181109	0	1
0.000	-0.085	1.006175710	0	1
0.000	-0.081	1.006178474	0	1
0.000	-0.076	1.006178585	0	1
0.000	-0.072	1.006175328	0	1
0.000	-0.067	1.006175399	0	1
0.000	-0.063	1.006176550	0	1
0.000	-0.058	1.006178584	0	1
0.000	-0.054	1.006176600	0	1
0.000	-0.049	1.006179456	0	1
0.000	-0.045	1.006182973	0	1
0.000	-0.040	1.006180949	0	1
0.000	-0.036	1.006185688	0	1
0.000	-0.031	1.006189625	0	1
0.000	-0.027	1.006180899	0	1
0.000	-0.022	1.006178203	0	1
0.000	-0.018	1.006181570	0	1
0.000	-0.013	1.006177904	0	1
0.000	-0.009	1.006175910	0	1
0.000	-0.004	1.006179476	0	1
0.000	0.004	1.006185137	0	1
0.000	0.009	1.006178845	0	1
0.000	0.013	1.006177533	0	1
0.000	0.018	1.006177271	0	1
0.000	0.022	1.006180698	0	1
0.000	0.027	1.006181270	0	1
0.000	0.031	1.006179847	0	1
0.000	0.036	1.006183063	0	1
0.000	0.040	1.006179917	0	1
0.000	0.045	1.006182061	0	1
0.000	0.049	1.006177221	0	1
0.000	0.054	1.006180879	0	1
0.000	0.058	1.006181230	0	1
0.000	0.063	1.006179556	0	1
0.000	0.067	1.006177282	0	1
0.000	0.072	1.006179335	0	1
0.000	0.076	1.006180738	0	1
0.000	0.081	1.006181229	0	1
0.000	0.085	1.006178094	0	1
0.000	0.090	1.006177752	0	1
0.000	0.094	1.006177322	1	1
0.000	0.099	1.006179547	0	1
0.000	0.103	1.002083596	5	0
0.000	0.108	1.002088616	5	0
0.000	0.112	1.002082635	5	0
0.000	0.117	1.002083426	5	0
0.000	0.121	1.002083937	5	0
0.000	0.126	1.002081131	5	0
0.000	0.130	1.002088044	5	0
