Vendor ID: 0x1022
Device ID: 0x153e
Lane: 3
Time (%UI)	Voltage (V)	Duration (s)	Count	Pass
-25.000	0.000	1.002080320	5	0
-23.438	0.000	1.006179997	4	1
-21.875	0.000	1.006172332	3	1
-20.312	0.000	1.006183534	1	1
-18.750	0.000	1.006183173	0	1
-17.188	0.000	1.006181860	0	1
-15.625	0.000	1.006181501	0	1
-14.062	0.000	1.006180498	0	1
-12.500	0.000	1.006179126	0	1
-10.938	0.000	1.006181180	0	1
-9.375	0.000	1.006179657	0	1
-7.812	0.000	1.006182011	0	1
-6.250	0.000	1.006180278	0	1
-4.688	0.000	1.006180809	0	1
-3.125	0.000	1.006180799	0	1
-1.562	0.000	1.006185097	0	1
1.562	0.000	1.006179837	0	1
3.125	0.000	1.006181490	0	1
4.688	0.000	1.006150119	0	1
6.250	0.000	1.006175900	0	1
7.812	0.000	1.006184036	0	1
9.375	0.000	1.006181971	0	1
10.938	0.000	1.006179145	0	1
12.500	0.000	1.006177783	0	1
14.062	0.000	1.006178314	2	1
15.625	0.000	1.002080561	5	0
17.188	0.000	1.002079799	5	0
18.750	0.000	1.002079007	5	0
20.312	0.000	1.002074739	5	0
21.875	0.000	1.002077795	5	0
23.438	0.000	1.002079007	5	0
25.000	0.000	1.002040665	5	0
0.000	-0.130	0.164837979	5	0
0.000	-0.126	1.008132044	5	0
0.000	-0.121	1.006129170	5	0
0.000	-0.117	1.002078877	5	0
0.000	-0.112	1.002078747	5	0
0.000	-0.108	1.002078687	5	0
0.000	-0.103	1.002083356	5	0
0.000	-0.099	1.002089717	5	0
0.000	-0.094	1.002080300	5	0
0.000	-0.090	1.002080430	5	0
0.000	-0.085	1.006171752	4	1
0.000	-0.081	1.006178324	0	1
0.000	-0.076	1.006173444	0	1
0.000	-0.072	1.006171080	0	1
0.000	-0.067	1.006176541	0	1
0.000	-0.063	1.006174807	0	1
0.000	-0.058	1.006174046	0	1
0.000	-0.054	1.006171510	0	1
0.000	-0.049	1.006174857	0	1
0.000	-0.045	1.006173044	0	1
0.000	-0.040	1.006171812	0	1
0.000	-0.036	1.006171841	0	1
0.000	-0.031	1.006171030	0	1
0.000	-0.027	1.006171331	0	1
0.000	-0.022	1.006178223	0	1
0.000	-0.018	1.006173254	0	1
0.000	-0.013	1.006178865	0	1
0.000	-0.009	1.006172483	0	1
0.000	-0.004	1.006176040	0	1
0.000	0.004	1.006173024	0	1
0.000	0.009	1.006181219	0	1
0.000	0.013	1.006200867	0	1
0.000	0.018	1.006172012	0	1
0.000	0.022	1.006193223	0	1
0.000	0.027	1.006177242	0	1
0.000	0.031	1.006175118	0	1
0.000	0.036	1.006172814	0	1
0.000	0.040	1.006173686	0	1
0.000	0.045	1.006169728	0	1
0.000	0.049	1.006171731	0	1
0.000	0.054	1.006171692	0	1
0.000	0.058	1.006175819	0	1
0.000	0.063	1.006175007	0	1
0.000	0.067	1.006177132	0	1
0.000	0.072	1.006179767	0	1
0.000	0.076	1.006171392	1	1
0.000	0.081	1.006165920	1	1
0.000	0.085	1.002080230	5	0
0.000	0.090	1.002083646	5	0
0.000	0.094	1.002078988	5	0
0.000	0.099	1.002079157	5	0
0.000	0.103	1.002077835	5	0
0.000	0.108	1.002079658	5	0
0.000	0.112	1.002078817	5	0
0.000	0.117	1.002076382	5	0
0.000	0.121	1.002077726	5	0
0.000	0.126	1.008152714	5	0
0.000	0.130	1.074875500	5	0
