Vendor ID: 0x1022
Device ID: 0x153e
Lane: 2
Time (%UI)	Voltage (V)	Duration (s)	Count	Pass
-25.000	0.000	1.002081662	5	0
-23.438	0.000	1.006181210	2	1
-21.875	0.000	1.006181781	0	1
-20.312	0.000	1.006135302	0	1
-18.750	0.000	1.006176601	0	1
-17.188	0.000	1.006179467	0	1
-15.625	0.000	1.006174016	0	1
-14.062	0.000	1.006177422	0	1
-12.500	0.000	1.006179135	0	1
-10.938	0.000	1.006177663	0	1
-9.375	0.000	1.006182001	0	1
-7.812	0.000	1.006177311	0	1
-6.250	0.000	1.006180147	0	1
-4.688	0.000	1.006179957	0	1
-3.125	0.000	1.006184315	0	1
-1.562	0.000	1.006179185	0	1
1.562	0.000	1.006176921	0	1
3.125	0.000	1.006181390	0	1
4.688	0.000	1.006178595	0	1
6.250	0.000	1.006179938	0	1
7.812	0.000	1.006180308	0	1
9.375	0.000	1.006181671	0	1
10.938	0.000	1.006177482	0	1
12.500	0.000	1.006182662	0	1
14.062	0.000	1.006180978	0	1
15.625	0.000	1.006179476	0	1
17.188	0.000	1.006180137	0	1
18.750	0.000	1.006181550	2	1
20.312	0.000	1.002082164	5	0
21.875	0.000	1.002081192	5	0
23.438	0.000	1.002085841	5	0
25.000	0.000	1.002085419	5	0
0.000	-0.130	1.002089237	5	0
0.000	-0.126	1.002079589	5	0
0.000	-0.121	1.002080812	5	0
0.000	-0.117	1.002080842	5	0
0.000	-0.112	1.002080670	5	0
0.000	-0.108	1.002080521	5	0
0.000	-0.103	1.002080470	5	0
0.000	-0.099	1.002079528	5	0
0.000	-0.094	1.006176680	2	1
0.000	-0.090	1.006120173	2	1
0.000	-0.085	1.006175739	0	1
0.000	-0.081	1.006178825	0	1
0.000	-0.076	1.006176611	0	1
0.000	-0.072	1.006180308	0	1
0.000	-0.067	1.006178374	0	1
0.000	-0.063	1.006180147	0	1
0.000	-0.058	1.006177231	0	1
0.000	-0.054	1.006178896	0	1
0.000	-0.049	1.006177381	0	1
0.000	-0.045	1.006179766	0	1
0.000	-0.040	1.006180057	0	1
0.000	-0.036	1.006176961	0	1
0.000	-0.031	1.006177483	0	1
0.000	-0.027	1.006178193	0	1
0.000	-0.022	1.006180467	0	1
0.000	-0.018	1.006171942	0	1
0.000	-0.013	1.006177824	0	1
0.000	-0.009	1.006177062	0	1
0.000	-0.004	1.006180447	0	1
0.000	0.004	1.006176491	0	1
0.000	0.009	1.006178966	0	1
0.000	0.013	1.006177752	0	1
0.000	0.018	1.006179015	0	1
0.000	0.022	1.006182222	0	1
0.000	0.027	1.006176451	0	1
0.000	0.031	1.006177182	0	1
0.000	0.036	1.006181420	0	1
0.000	0.040	1.006179025	0	1
0.000	0.045	1.006176860	0	1
0.000	0.049	1.006178244	0	1
0.000	0.054	1.006177071	0	1
0.000	0.058	1.006176291	0	1
0.000	0.063	1.006175488	0	1
0.000	0.067	1.006180408	0	1
0.000	0.072	1.006176541	0	1
0.000	0.076	1.006175909	0	1
0.000	0.081	1.006179406	0	1
0.000	0.085	1.006176721	0	1
0.000	0.090	1.006176761	0	1
0.000	0.094	1.006179667	3	1
0.000	0.099	1.002080790	5	0
0.000	0.103	1.002077345	5	0
0.000	0.108	1.002082003	5	0
0.000	0.112	1.002079890	5	0
0.000	0.117	1.002080400	5	0
0.000	0.121	1.002078877	5	0
0.000	0.126	1.002080541	5	0
0.000	0.130	1.002081032	5	0
