Vendor ID: 0x1022
Device ID: 0x153e
Lane: 2
Time (%UI)	Voltage (V)	Duration (s)	Count	Pass
-25.000	0.000	1.006171841	4	1
-23.438	0.000	1.006172443	0	1
-21.875	0.000	1.006162073	0	1
-20.312	0.000	1.006172182	0	1
-18.750	0.000	1.006176470	0	1
-17.188	0.000	1.006173685	0	1
-15.625	0.000	1.006177472	0	1
-14.062	0.000	1.006168185	0	1
-12.500	0.000	1.006179256	0	1
-10.938	0.000	1.006176771	0	1
-9.375	0.000	1.006176731	0	1
-7.812	0.000	1.006178825	0	1
-6.250	0.000	1.006175879	0	1
-4.688	0.000	1.006180749	0	1
-3.125	0.000	1.006177812	0	1
-1.562	0.000	1.006176110	0	1
1.562	0.000	1.006175228	0	1
3.125	0.000	1.006178706	0	1
4.688	0.000	1.006178114	0	1
6.250	0.000	1.006179026	0	1
7.812	0.000	1.006175790	0	1
9.375	0.000	1.006177993	0	1
10.938	0.000	1.006168325	0	1
12.500	0.000	1.006177933	0	1
14.062	0.000	1.006177291	0	1
15.625	0.000	1.006179516	0	1
17.188	0.000	1.006181019	0	1
18.750	0.000	1.002082453	5	0
20.312	0.000	1.002079799	5	0
21.875	0.000	1.002082584	5	0
23.438	0.000	1.002084658	5	0
25.000	0.000	1.002080701	5	0
0.000	-0.130	1.002080881	5	0
0.000	-0.126	1.002080240	5	0
0.000	-0.121	1.002079769	5	0
0.000	-0.117	1.002080330	5	0
0.000	-0.112	1.002078867	5	0
0.000	-0.108	1.002081893	5	0
0.000	-0.103	1.002078096	5	0
0.000	-0.099	1.006177232	2	1
0.000	-0.094	1.006172442	0	1
0.000	-0.090	1.006174526	0	1
0.000	-0.085	1.006178755	0	1
0.000	-0.081	1.006177081	0	1
0.000	-0.076	1.006178153	0	1
0.000	-0.072	1.006177423	0	1
0.000	-0.067	1.006181110	0	1
0.000	-0.063	1.006178415	0	1
0.000	-0.058	1.006189374	0	1
0.000	-0.054	1.006181419	0	1
0.000	-0.049	1.006176169	0	1
0.000	-0.045	1.006175298	0	1
0.000	-0.040	1.006177102	0	1
0.000	-0.036	1.006172132	0	1
0.000	-0.031	1.006177732	0	1
0.000	-0.027	1.006175618	0	1
0.000	-0.022	1.006175328	0	1
0.000	-0.018	1.006175628	0	1
0.000	-0.013	1.006172273	0	1
0.000	-0.009	1.006178674	0	1
0.000	-0.004	1.006176931	0	1
0.000	0.004	1.006172423	0	1
0.000	0.009	1.006178314	0	1
0.000	0.013	1.006174176	0	1
0.000	0.018	1.006172453	0	1
0.000	0.022	1.006177412	0	1
0.000	0.027	1.006179325	0	1
0.000	0.031	1.006164788	0	1
0.000	0.036	1.006177042	0	1
0.000	0.040	1.006175298	0	1
0.000	0.045	1.006174627	0	1
0.000	0.049	1.006177022	0	1
0.000	0.054	1.006173254	0	1
0.000	0.058	1.006170809	0	1
0.000	0.063	1.006169998	0	1
0.000	0.067	1.006169947	0	1
0.000	0.072	1.006171431	0	1
0.000	0.076	1.006170348	0	1
0.000	0.081	1.006173776	0	1
0.000	0.085	1.006173505	0	1
0.000	0.090	1.006174346	0	1
0.000	0.094	1.006173485	1	1
0.000	0.099	1.006173596	1	1
0.000	0.103	1.002075510	5	0
0.000	0.108	1.002077535	5	0
0.000	0.112	1.002078477	5	0
0.000	0.117	1.002077044	5	0
0.000	0.121	1.002076122	5	0
0.000	0.126	1.002077175	5	0
0.000	0.130	1.002077204	5	0
