Vendor ID: 0x1022
Device ID: 0x153e
Lane: 3
Time (%UI)	Voltage (V)	Duration (s)	Count	Pass
-25.000	0.000	1.002083216	5	0
-23.438	0.000	1.006186149	2	1
-21.875	0.000	1.006185127	1	1
-20.312	0.000	1.006157393	0	1
-18.750	0.000	1.006179706	0	1
-17.188	0.000	1.006181690	0	1
-15.625	0.000	1.006187501	0	1
-14.062	0.000	1.006184996	0	1
-12.500	0.000	1.006172904	0	1
-10.938	0.000	1.006182973	0	1
-9.375	0.000	1.006184396	0	1
-7.812	0.000	1.006183844	0	1
-6.250	0.000	1.006186650	0	1
-4.688	0.000	1.006168486	0	1
-3.125	0.000	1.006183394	0	1
-1.562	0.000	1.006182792	0	1
1.562	0.000	1.006183553	0	1
3.125	0.000	1.006183473	0	1
4.688	0.000	1.006178916	0	1
6.250	0.000	1.006185208	0	1
7.812	0.000	1.006183003	0	1
9.375	0.000	1.006185988	0	1
10.938	0.000	1.006187712	0	1
12.500	0.000	1.006174837	0	1
14.062	0.000	1.006186029	1	1
15.625	0.000	1.002088124	5	0
17.188	0.000	1.002084277	5	0
18.750	0.000	1.002084758	5	0
20.312	0.000	1.002086732	5	0
21.875	0.000	1.002084678	5	0
23.438	0.000	1.002081882	5	0
25.000	0.000	1.002081933	5	0
0.000	-0.130	1.002084167	5	0
0.000	-0.126	1.002083616	5	0
0.000	-0.121	1.002083847	5	0
0.000	-0.117	1.002082374	5	0
0.000	-0.112	1.002082655	5	0
0.000	-0.108	1.002083165	5	0
0.000	-0.103	1.002084839	5	0
0.000	-0.099	1.006183834	3	1
0.000	-0.094	1.006185538	2	1
0.000	-0.090	1.006203843	0	1
0.000	-0.085	1.006184455	0	1
0.000	-0.081	1.006184506	0	1
0.000	-0.076	1.006187531	0	1
0.000	-0.072	1.006186880	0	1
0.000	-0.067	1.006196768	0	1
0.000	-0.063	1.006184886	0	1
0.000	-0.058	1.006182192	0	1
0.000	-0.054	1.006182061	0	1
0.000	-0.049	1.006183464	0	1
0.000	-0.045	1.006183634	0	1
0.000	-0.040	1.006182923	0	1
0.000	-0.036	1.006184866	0	1
0.000	-0.031	1.006181519	0	1
0.000	-0.027	1.006180829	0	1
0.000	-0.022	1.006181790	0	1
0.000	-0.018	1.006184355	0	1
0.000	-0.013	1.006182472	0	1
0.000	-0.009	1.006186439	0	1
0.000	-0.004	1.006184697	0	1
0.000	0.004	1.006185347	0	1
0.000	0.009	1.006186830	0	1
0.000	0.013	1.006186048	0	1
0.000	0.018	1.006183955	0	1
0.000	0.022	1.006185979	0	1
0.000	0.027	1.006186049	0	1
0.000	0.031	1.006182331	0	1
0.000	0.036	1.006182802	0	1
0.000	0.040	1.006185537	0	1
0.000	0.045	1.006183293	0	1
0.000	0.049	1.006181911	0	1
0.000	0.054	1.006182642	0	1
0.000	0.058	1.006181350	0	1
0.000	0.063	1.006181380	0	1
0.000	0.067	1.006182523	0	1
0.000	0.072	1.006182663	0	1
0.000	0.076	1.006184916	0	1
0.000	0.081	1.006183945	0	1
0.000	0.085	1.006187351	2	1
0.000	0.090	1.006183394	0	1
0.000	0.094	1.002079819	5	0
0.000	0.099	1.002085400	5	0
0.000	0.103	1.002081643	5	0
0.000	0.108	1.002079879	5	0
0.000	0.112	1.002082153	5	0
0.000	0.117	1.002081733	5	0
0.000	0.121	1.002081923	5	0
0.000	0.126	1.002081112	5	0
0.000	0.130	1.002082484	5	0
