Vendor ID: 0x1e0f
Device ID: 0x2b
Lane: 1
Time (%UI)	Voltage (V)	Duration (s)	Count	Pass
-50.000	0.000	0.003034794	31	0
-48.438	0.000	0.003032610	31	0
-46.875	0.000	0.003032940	31	0
-45.312	0.000	0.003032099	31	0
-43.750	0.000	0.003032410	31	0
-42.188	0.000	0.003031568	31	0
-40.625	0.000	0.003031188	31	0
-39.062	0.000	0.003031078	31	0
-37.500	0.000	0.003030687	31	0
-35.938	0.000	0.003031078	31	0
-34.375	0.000	0.003031528	31	0
-32.812	0.000	0.003031919	31	0
-31.250	0.000	0.003029775	31	0
-29.688	0.000	0.003030496	31	0
-28.125	0.000	0.003029885	8	0
-26.562	0.000	0.003029945	5	0
-25.000	0.000	0.003029855	5	0
-23.438	0.000	0.003028312	5	0
-21.875	0.000	1.004110386	5	0
-20.312	0.000	1.004108202	6	0
-18.750	0.000	1.004105908	5	0
-17.188	0.000	1.008202879	2	1
-15.625	0.000	1.008200895	0	1
-14.062	0.000	1.008202018	0	1
-12.500	0.000	1.008214852	0	1
-10.938	0.000	1.008204964	0	1
-9.375	0.000	1.008208711	0	1
-7.812	0.000	1.008209221	0	1
-6.250	0.000	1.008202389	0	1
-4.688	0.000	1.008190005	0	1
-3.125	0.000	1.008201087	0	1
-1.562	0.000	1.008202129	0	1
1.562	0.000	1.008202609	0	1
3.125	0.000	1.008206025	0	1
4.688	0.000	1.008192720	0	1
6.250	0.000	1.008192811	0	1
7.812	0.000	1.008207258	0	1
9.375	0.000	1.008204061	0	1
10.938	0.000	1.008206456	0	1
12.500	0.000	1.008192790	0	1
14.062	0.000	1.008201587	0	1
15.625	0.000	1.008202529	0	1
17.188	0.000	1.008326054	0	1
18.750	0.000	1.008208220	0	1
20.312	0.000	1.008209012	0	1
21.875	0.000	1.008236613	0	1
23.438	0.000	1.008207649	0	1
25.000	0.000	1.008230792	1	1
26.562	0.000	1.004107130	5	0
28.125	0.000	1.004120927	5	0
29.688	0.000	0.003040666	5	0
31.250	0.000	0.003038321	5	0
32.812	0.000	0.003037359	5	0
34.375	0.000	0.003036227	6	0
35.938	0.000	0.003035335	7	0
37.500	0.000	0.003032640	20	0
39.062	0.000	0.003033993	28	0
40.625	0.000	0.003033482	31	0
42.188	0.000	0.003033181	31	0
43.750	0.000	0.003032560	31	0
45.312	0.000	0.003032780	31	0
46.875	0.000	0.003031849	31	0
48.438	0.000	0.003031559	31	0
50.000	0.000	0.003031268	31	0
0.000	-0.440	0.003031528	5	0
0.000	-0.433	0.003031418	5	0
0.000	-0.426	1.004116929	5	0
0.000	-0.419	1.004115475	5	0
0.000	-0.412	1.004113643	5	0
0.000	-0.406	1.004114544	5	0
0.000	-0.399	1.004109224	5	0
0.000	-0.392	1.004108743	5	0
0.000	-0.385	1.004106809	5	0
0.000	-0.378	0.003041277	5	0
0.000	-0.371	1.004107111	5	0
0.000	-0.364	1.004108032	5	0
0.000	-0.357	0.003041577	5	0
0.000	-0.351	1.004105627	5	0
0.000	-0.344	1.004106177	5	0
0.000	-0.337	1.004107481	5	0
0.000	-0.330	1.004106920	5	0
0.000	-0.323	1.008206917	1	1
0.000	-0.316	1.008205514	1	1
0.000	-0.309	1.004105256	5	0
0.000	-0.302	1.004106928	5	0
0.000	-0.296	1.004108492	5	0
0.000	-0.289	1.008210874	0	1
0.000	-0.282	1.004106398	5	0
0.000	-0.275	1.008208029	0	1
0.000	-0.268	1.008208320	0	1
0.000	-0.261	1.008209321	2	1
0.000	-0.254	1.008207798	0	1
0.000	-0.247	1.008210094	4	1
0.000	-0.241	1.008207719	0	1
0.000	-0.234	1.008205985	1	1
0.000	-0.227	1.008206596	0	1
0.000	-0.220	1.008205935	2	1
0.000	-0.213	1.008205735	0	1
0.000	-0.206	1.008206316	0	1
0.000	-0.199	1.008206346	0	1
0.000	-0.193	1.008204823	0	1
0.000	-0.186	1.008207208	0	1
0.000	-0.179	1.008203561	0	1
0.000	-0.172	1.008206327	0	1
0.000	-0.165	1.008208080	0	1
0.000	-0.158	1.008206677	0	1
0.000	-0.151	1.008206987	0	1
0.000	-0.144	1.008228437	0	1
0.000	-0.138	1.008208210	0	1
0.000	-0.131	1.008204743	0	1
0.000	-0.124	1.008206676	0	1
0.000	-0.117	1.008206747	0	1
0.000	-0.110	1.008205354	0	1
0.000	-0.103	1.008206637	0	1
0.000	-0.096	1.008204732	0	1
0.000	-0.089	1.008204613	0	1
0.000	-0.083	1.008206686	0	1
0.000	-0.076	1.008204442	0	1
0.000	-0.069	1.008179725	0	1
0.000	-0.062	1.008197940	0	1
0.000	-0.055	1.008205285	0	1
0.000	-0.048	1.008203581	0	1
0.000	-0.041	1.008208601	0	1
0.000	-0.034	1.008205375	0	1
0.000	-0.028	1.008208159	0	1
0.000	-0.021	1.008167893	0	1
0.000	-0.014	1.008235101	0	1
0.000	-0.007	1.008103691	0	1
0.000	0.007	1.008095254	0	1
0.000	0.014	1.008091549	0	1
0.000	0.021	1.008089624	0	1
0.000	0.028	1.008086138	0	1
0.000	0.034	1.008087591	0	1
0.000	0.041	1.008090306	0	1
0.000	0.048	1.008085826	0	1
0.000	0.055	1.008086238	0	1
0.000	0.062	1.008082050	0	1
0.000	0.069	1.008084053	0	1
0.000	0.076	1.008084815	0	1
0.000	0.083	1.008088562	0	1
0.000	0.089	1.008085256	0	1
0.000	0.096	1.008091027	0	1
0.000	0.103	1.008084133	0	1
0.000	0.110	1.008086318	0	1
0.000	0.117	1.008086057	0	1
0.000	0.124	1.008089995	0	1
0.000	0.131	1.008094193	0	1
0.000	0.138	1.008087310	0	1
0.000	0.144	1.008085356	0	1
0.000	0.151	1.008094233	0	1
0.000	0.158	1.008086589	0	1
0.000	0.165	1.008088532	0	1
0.000	0.172	1.008085076	0	1
0.000	0.179	1.008084414	0	1
0.000	0.186	1.008084243	0	1
0.000	0.193	1.008083383	0	1
0.000	0.199	1.008085507	0	1
0.000	0.206	1.008089263	0	1
0.000	0.213	1.008090115	0	1
0.000	0.220	1.008087210	0	1
0.000	0.227	1.008085917	0	1
0.000	0.234	1.008088512	0	1
0.000	0.241	1.008091008	1	1
0.000	0.247	1.004045903	5	0
0.000	0.254	1.008090557	0	1
0.000	0.261	1.008087861	0	1
0.000	0.268	1.008087981	0	1
0.000	0.275	1.008086258	0	1
0.000	0.282	1.004044231	5	0
0.000	0.289	1.004043138	5	0
0.000	0.296	1.004043860	5	0
0.000	0.302	1.008086398	1	1
0.000	0.309	1.004042748	5	0
0.000	0.316	1.008083331	2	1
0.000	0.323	1.008083863	1	1
0.000	0.330	1.004044531	5	0
0.000	0.337	1.004045913	5	0
0.000	0.344	1.004045903	5	0
0.000	0.351	1.004046936	5	0
0.000	0.357	0.003025326	5	0
0.000	0.364	1.004043509	5	0
0.000	0.371	1.004043740	5	0
0.000	0.378	0.003025367	5	0
0.000	0.385	1.004050813	5	0
0.000	0.392	0.003025146	5	0
0.000	0.399	0.003024805	5	0
0.000	0.406	0.003023853	5	0
0.000	0.412	1.004048197	6	0
0.000	0.419	0.003025367	5	0
0.000	0.426	1.004044140	5	0
0.000	0.433	0.003025377	5	0
0.000	0.440	0.003024676	5	0
