Vendor ID: 0x1022
Device ID: 0x153e
Lane: 1
Time (%UI)	Voltage (V)	Duration (s)	Count	Pass
-25.000	0.000	1.002079579	5	0
-23.438	0.000	1.006170198	4	1
-21.875	0.000	1.006177844	0	1
-20.312	0.000	1.006181139	0	1
-18.750	0.000	1.006180799	0	1
-17.188	0.000	1.006179186	0	1
-15.625	0.000	1.006177072	0	1
-14.062	0.000	1.006178935	0	1
-12.500	0.000	1.006180829	0	1
-10.938	0.000	1.006178264	0	1
-9.375	0.000	1.006182322	0	1
-7.812	0.000	1.006171872	0	1
-6.250	0.000	1.006178013	0	1
-4.688	0.000	1.006178664	0	1
-3.125	0.000	1.006179727	0	1
-1.562	0.000	1.006179176	0	1
1.562	0.000	1.006183424	0	1
3.125	0.000	1.006182071	0	1
4.688	0.000	1.006180489	0	1
6.250	0.000	1.006179356	0	1
7.812	0.000	1.006182572	0	1
9.375	0.000	1.006184485	0	1
10.938	0.000	1.006179957	0	1
12.500	0.000	1.006180517	0	1
14.062	0.000	1.006179637	0	1
15.625	0.000	1.006181010	0	1
17.188	0.000	1.002079970	5	0
18.750	0.000	1.002080299	5	0
20.312	0.000	1.002079849	5	0
21.875	0.000	1.002079748	5	0
23.438	0.000	1.002080961	5	0
25.000	0.000	1.002080269	5	0
0.000	-0.130	1.002062856	5	0
0.000	-0.126	1.002080059	5	0
0.000	-0.121	1.002081322	5	0
0.000	-0.117	1.002082464	5	0
0.000	-0.112	1.002081623	5	0
0.000	-0.108	1.002083006	5	0
0.000	-0.103	1.002083867	5	0
0.000	-0.099	1.006180808	4	1
0.000	-0.094	1.006187001	0	1
0.000	-0.090	1.006184936	0	1
0.000	-0.085	1.006181419	0	1
0.000	-0.081	1.006181840	0	1
0.000	-0.076	1.006181961	0	1
0.000	-0.072	1.006181199	0	1
0.000	-0.067	1.006182090	0	1
0.000	-0.063	1.006179086	0	1
0.000	-0.058	1.006181549	0	1
0.000	-0.054	1.006180468	0	1
0.000	-0.049	1.006181700	0	1
0.000	-0.045	1.006181831	0	1
0.000	-0.040	1.006180448	0	1
0.000	-0.036	1.006181952	0	1
0.000	-0.031	1.006185467	0	1
0.000	-0.027	1.006181861	0	1
0.000	-0.022	1.006156202	0	1
0.000	-0.018	1.006180960	0	1
0.000	-0.013	1.006184405	0	1
0.000	-0.009	1.006182441	0	1
0.000	-0.004	1.006182242	0	1
0.000	0.004	1.006184175	0	1
0.000	0.009	1.006180498	0	1
0.000	0.013	1.006182302	0	1
0.000	0.018	1.006184345	0	1
0.000	0.022	1.006181991	0	1
0.000	0.027	1.006180608	0	1
0.000	0.031	1.006180659	0	1
0.000	0.036	1.006178123	0	1
0.000	0.040	1.006177722	0	1
0.000	0.045	1.006182231	0	1
0.000	0.049	1.006182082	0	1
0.000	0.054	1.006138749	0	1
0.000	0.058	1.006175589	0	1
0.000	0.063	1.006181951	0	1
0.000	0.067	1.006183434	0	1
0.000	0.072	1.006180118	0	1
0.000	0.076	1.006181740	0	1
0.000	0.081	1.006179236	0	1
0.000	0.085	1.006179947	0	1
0.000	0.090	1.006183494	0	1
0.000	0.094	1.006177963	0	1
0.000	0.099	1.006155400	0	1
0.000	0.103	1.002078357	5	0
0.000	0.108	1.002080119	5	0
0.000	0.112	1.002079057	5	0
0.000	0.117	1.002078646	5	0
0.000	0.121	1.002078166	5	0
0.000	0.126	1.002079910	5	0
0.000	0.130	1.002082554	5	0
