Vendor ID: 0x1022
Device ID: 0x153e
Lane: 3
Time (%UI)	Voltage (V)	Duration (s)	Count	Pass
-25.000	0.000	1.006175308	4	1
-23.438	0.000	1.006184877	0	1
-21.875	0.000	1.006186059	0	1
-20.312	0.000	1.006184836	0	1
-18.750	0.000	1.006183844	0	1
-17.188	0.000	1.006187441	0	1
-15.625	0.000	1.006183765	0	1
-14.062	0.000	1.006184496	0	1
-12.500	0.000	1.006188433	0	1
-10.938	0.000	1.006188132	0	1
-9.375	0.000	1.006185366	0	1
-7.812	0.000	1.006186108	0	1
-6.250	0.000	1.006187080	0	1
-4.688	0.000	1.006184686	0	1
-3.125	0.000	1.006186449	0	1
-1.562	0.000	1.006184686	0	1
1.562	0.000	1.006183213	0	1
3.125	0.000	1.006184155	0	1
4.688	0.000	1.006187872	0	1
6.250	0.000	1.006183213	0	1
7.812	0.000	1.006184084	0	1
9.375	0.000	1.006186870	0	1
10.938	0.000	1.006184055	0	1
12.500	0.000	1.006183523	0	1
14.062	0.000	1.006165319	0	1
15.625	0.000	1.006186108	0	1
17.188	0.000	1.002084017	5	0
18.750	0.000	1.002084007	5	0
20.312	0.000	1.002085921	5	0
21.875	0.000	1.002086071	5	0
23.438	0.000	1.002099467	5	0
25.000	0.000	1.002087344	5	0
0.000	-0.130	1.002081282	5	0
0.000	-0.126	1.002080610	5	0
0.000	-0.121	1.002080189	5	0
0.000	-0.117	1.002081413	5	0
0.000	-0.112	1.004107621	5	0
0.000	-0.108	1.002080430	5	0
0.000	-0.103	1.002079879	5	0
0.000	-0.099	1.002081813	5	0
0.000	-0.094	1.006181781	0	1
0.000	-0.090	1.006179446	0	1
0.000	-0.085	1.006183403	0	1
0.000	-0.081	1.006181300	0	1
0.000	-0.076	1.006180879	0	1
0.000	-0.072	1.006172032	0	1
0.000	-0.067	1.006187422	0	1
0.000	-0.063	1.006180889	0	1
0.000	-0.058	1.006179036	0	1
0.000	-0.054	1.006184316	0	1
0.000	-0.049	1.006159167	0	1
0.000	-0.045	1.006172373	0	1
0.000	-0.040	1.006175808	0	1
0.000	-0.036	1.006172632	0	1
0.000	-0.031	1.006182162	0	1
0.000	-0.027	1.006180759	0	1
0.000	-0.022	1.006178735	0	1
0.000	-0.018	1.006178144	0	1
0.000	-0.013	1.006179516	0	1
0.000	-0.009	1.006181049	0	1
0.000	-0.004	1.006178374	0	1
0.000	0.004	1.006161353	0	1
0.000	0.009	1.006182241	0	1
0.000	0.013	1.006184145	0	1
0.000	0.018	1.006181420	0	1
0.000	0.022	1.006182441	0	1
0.000	0.027	1.006181339	0	1
0.000	0.031	1.006189215	0	1
0.000	0.036	1.006197751	0	1
0.000	0.040	1.006073605	0	1
0.000	0.045	1.006175959	0	1
0.000	0.049	1.006178935	0	1
0.000	0.054	1.006192140	0	1
0.000	0.058	1.006181960	0	1
0.000	0.063	1.006138097	0	1
0.000	0.067	1.006178765	0	1
0.000	0.072	1.006186449	0	1
0.000	0.076	1.006182401	0	1
0.000	0.081	1.006184296	0	1
0.000	0.085	1.006171992	1	1
0.000	0.090	1.006183464	0	1
0.000	0.094	1.006181720	1	1
0.000	0.099	1.002083085	5	0
0.000	0.103	1.002083987	5	0
0.000	0.108	1.002080039	5	0
0.000	0.112	1.002080109	5	0
0.000	0.117	1.002083796	5	0
0.000	0.121	1.002082163	5	0
0.000	0.126	1.002082734	5	0
0.000	0.130	1.002081983	5	0
