Vendor ID: 0x1022
Device ID: 0x153e
Lane: 0
Time (%UI)	Voltage (V)	Duration (s)	Count	Pass
-25.000	0.000	1.002081783	5	0
-23.438	0.000	1.006181731	4	1
-21.875	0.000	1.006182061	0	1
-20.312	0.000	1.006184555	0	1
-18.750	0.000	1.006182732	0	1
-17.188	0.000	1.006186459	0	1
-15.625	0.000	1.006183064	0	1
-14.062	0.000	1.006187901	0	1
-12.500	0.000	1.006184555	0	1
-10.938	0.000	1.006186039	0	1
-9.375	0.000	1.006185678	0	1
-7.812	0.000	1.006182932	0	1
-6.250	0.000	1.006181951	0	1
-4.688	0.000	1.006180878	0	1
-3.125	0.000	1.006179206	0	1
-1.562	0.000	1.006180739	0	1
1.562	0.000	1.006179325	0	1
3.125	0.000	1.006178654	0	1
4.688	0.000	1.006182192	0	1
6.250	0.000	1.006179667	0	1
7.812	0.000	1.006179786	0	1
9.375	0.000	1.006181549	0	1
10.938	0.000	1.006179958	0	1
12.500	0.000	1.006178985	0	1
14.062	0.000	1.006181079	0	1
15.625	0.000	1.006178895	0	1
17.188	0.000	1.006179135	0	1
18.750	0.000	1.002080570	5	0
20.312	0.000	1.002082775	5	0
21.875	0.000	1.002084258	5	0
23.438	0.000	1.002082114	5	0
25.000	0.000	1.002096822	5	0
