Vendor ID: 0x1344
Device ID: 0x51c3
Lane: 0
Time (%UI)	Voltage (V)	Duration (s)	Count	Pass
-50.000	0.000	0.001011972	31	0
-48.438	0.000	0.001010740	31	0
-46.875	0.000	0.001011511	31	0
-45.312	0.000	0.001010389	31	0
-43.750	0.000	0.001010590	31	0
-42.188	0.000	0.001010129	31	0
-40.625	0.000	0.001010639	31	0
-39.062	0.000	0.001010760	31	0
-37.500	0.000	0.001010109	31	0
-35.938	0.000	0.001010229	31	0
-34.375	0.000	0.001010459	31	0
-32.812	0.000	0.001010148	31	0
-31.250	0.000	0.001011170	31	0
-29.688	0.000	1.002082905	31	0
-28.125	0.000	1.002084448	31	0
-26.562	0.000	1.006174997	2	1
-25.000	0.000	1.006174466	0	1
-23.438	0.000	1.006175418	0	1
-21.875	0.000	1.006177843	0	1
-20.312	0.000	1.006177081	0	1
-18.750	0.000	1.006177203	0	1
-17.188	0.000	1.006163104	0	1
-15.625	0.000	1.006166371	0	1
-14.062	0.000	1.006163637	0	1
-12.500	0.000	1.006195367	0	1
-10.938	0.000	1.006204132	0	1
-9.375	0.000	1.006185017	0	1
-7.812	0.000	1.006174918	0	1
-6.250	0.000	1.006178383	0	1
-4.688	0.000	1.006174477	0	1
-3.125	0.000	1.006178885	0	1
-1.562	0.000	1.006178103	0	1
1.562	0.000	1.006173644	0	1
3.125	0.000	1.006178594	0	1
4.688	0.000	1.006184376	0	1
6.250	0.000	1.006184456	0	1
7.812	0.000	1.006188684	0	1
9.375	0.000	1.006184635	0	1
10.938	0.000	1.006182953	0	1
12.500	0.000	1.006185989	0	1
14.062	0.000	1.006188053	0	1
15.625	0.000	1.006193242	0	1
17.188	0.000	1.006182441	0	1
18.750	0.000	1.002081322	18	0
20.312	0.000	1.002084328	31	0
21.875	0.000	0.001013886	11	0
23.438	0.000	0.001013144	16	0
25.000	0.000	0.001012834	31	0
26.562	0.000	0.001012514	31	0
28.125	0.000	0.001012203	31	0
29.688	0.000	0.001012363	31	0
31.250	0.000	0.001011922	31	0
32.812	0.000	0.001011492	31	0
34.375	0.000	0.001011290	31	0
35.938	0.000	0.001011271	31	0
37.500	0.000	0.001011451	31	0
39.062	0.000	0.001011601	31	0
40.625	0.000	0.001011170	31	0
42.188	0.000	0.001010950	31	0
43.750	0.000	0.001010720	31	0
45.312	0.000	0.001010690	31	0
46.875	0.000	0.001010529	31	0
48.438	0.000	0.001010560	31	0
50.000	0.000	0.001010840	31	0
0.000	-0.380	0.001010639	31	0
0.000	-0.377	0.001010420	31	0
0.000	-0.374	0.001010729	31	0
0.000	-0.371	0.001010108	31	0
0.000	-0.368	0.001010249	31	0
0.000	-0.365	0.001010450	31	0
0.000	-0.362	0.001010058	31	0
0.000	-0.359	0.001010740	31	0
0.000	-0.356	0.001009929	31	0
0.000	-0.353	0.001010380	31	0
0.000	-0.350	0.001010129	31	0
0.000	-0.347	0.001010039	31	0
0.000	-0.344	0.001010099	31	0
0.000	-0.341	0.001009868	31	0
0.000	-0.338	0.001010108	31	0
0.000	-0.335	0.001010038	31	0
0.000	-0.332	0.001009808	31	0
0.000	-0.329	0.001009919	31	0
0.000	-0.326	0.001009778	31	0
0.000	-0.323	0.001010098	31	0
0.000	-0.320	0.001009828	31	0
0.000	-0.317	0.001009998	31	0
0.000	-0.314	0.001009838	31	0
0.000	-0.311	0.001010088	31	0
0.000	-0.308	0.001010439	31	0
0.000	-0.305	0.001009778	31	0
0.000	-0.302	0.001009878	31	0
0.000	-0.299	0.001010118	31	0
0.000	-0.296	0.001009808	31	0
0.000	-0.293	0.001009918	31	0
0.000	-0.290	0.001010099	31	0
0.000	-0.287	0.001009928	31	0
0.000	-0.284	0.001009828	31	0
0.000	-0.281	0.001010449	31	0
0.000	-0.278	0.001009577	31	0
0.000	-0.275	0.001009938	31	0
0.000	-0.272	0.001009668	31	0
0.000	-0.269	0.001009648	31	0
0.000	-0.266	0.001011270	31	0
0.000	-0.263	0.001009688	31	0
0.000	-0.260	0.001009588	31	0
0.000	-0.257	0.001009638	31	0
0.000	-0.254	0.001009868	31	0
0.000	-0.251	0.001010459	31	0
0.000	-0.248	0.001009658	31	0
0.000	-0.245	0.001009588	31	0
0.000	-0.242	0.001009498	31	0
0.000	-0.239	0.001009938	31	0
0.000	-0.236	0.001010709	31	0
0.000	-0.233	0.001009768	31	0
0.000	-0.230	0.001009858	31	0
0.000	-0.227	0.001010008	31	0
0.000	-0.224	0.001010069	31	0
0.000	-0.221	0.001010770	31	0
0.000	-0.218	0.001009678	31	0
0.000	-0.215	0.001009969	31	0
0.000	-0.212	0.001009798	31	0
0.000	-0.209	0.001009828	31	0
0.000	-0.206	0.001009769	31	0
0.000	-0.203	0.001010399	31	0
0.000	-0.200	0.001009728	31	0
0.000	-0.197	0.001009778	31	0
0.000	-0.194	0.001009988	31	0
0.000	-0.191	0.001009878	31	0
0.000	-0.189	0.001009668	31	0
0.000	-0.186	0.001009928	31	0
0.000	-0.183	0.001009738	31	0
0.000	-0.180	0.001009828	31	0
0.000	-0.177	0.001009668	31	0
0.000	-0.174	0.001010058	31	0
0.000	-0.171	0.001009808	31	0
0.000	-0.168	0.001009959	31	0
0.000	-0.165	0.001009988	31	0
0.000	-0.162	0.001010049	31	0
0.000	-0.159	0.001009738	31	0
0.000	-0.156	0.001009948	31	0
0.000	-0.153	0.001010719	31	0
0.000	-0.150	0.001009838	31	0
0.000	-0.147	0.001009978	31	0
0.000	-0.144	0.001010589	31	0
0.000	-0.141	0.001010139	31	0
0.000	-0.138	0.001009819	31	0
0.000	-0.135	0.001009838	31	0
0.000	-0.132	0.001010429	31	0
0.000	-0.129	0.001010119	31	0
0.000	-0.126	0.001009778	31	0
0.000	-0.123	0.001009738	31	0
0.000	-0.120	0.001010158	31	0
0.000	-0.117	0.001010118	3	0
0.000	-0.114	0.001009958	31	0
0.000	-0.111	0.001009718	12	0
0.000	-0.108	0.001009818	8	0
0.000	-0.105	0.001010059	7	0
0.000	-0.102	0.001010038	5	0
0.000	-0.099	1.002081743	31	0
0.000	-0.096	1.002085219	31	0
0.000	-0.093	0.001014256	5	0
0.000	-0.090	1.002082624	31	0
0.000	-0.087	1.002082996	31	0
0.000	-0.084	1.002081952	30	0
0.000	-0.081	1.002082383	19	0
0.000	-0.078	1.002100018	8	0
0.000	-0.075	1.006198021	2	1
0.000	-0.072	1.006201337	1	1
0.000	-0.069	1.006330313	0	1
0.000	-0.066	1.006188062	0	1
0.000	-0.063	1.006187821	0	1
0.000	-0.060	1.006187541	0	1
0.000	-0.057	1.006186910	0	1
0.000	-0.054	1.006183403	0	1
0.000	-0.051	1.006183454	0	1
0.000	-0.048	1.006184776	0	1
0.000	-0.045	1.006182451	0	1
0.000	-0.042	1.006181499	0	1
0.000	-0.039	1.006185146	0	1
0.000	-0.036	1.006181671	0	1
0.000	-0.033	1.006183303	0	1
0.000	-0.030	1.006182041	0	1
0.000	-0.027	1.006181530	0	1
0.000	-0.024	1.006181129	0	1
0.000	-0.021	1.006175247	0	1
0.000	-0.018	1.006185127	0	1
0.000	-0.015	1.006185457	0	1
0.000	-0.012	1.006188212	0	1
0.000	-0.009	1.006188423	0	1
0.000	-0.006	1.006183253	0	1
0.000	-0.003	1.006191398	0	1
0.000	0.003	1.006186459	0	1
0.000	0.006	1.006183143	0	1
0.000	0.009	1.006182302	0	1
0.000	0.012	1.006184967	0	1
0.000	0.015	1.006183755	0	1
0.000	0.018	1.006182682	0	1
0.000	0.021	1.006180218	0	1
0.000	0.024	1.006179747	0	1
0.000	0.027	1.006179727	0	1
0.000	0.030	1.006180057	0	1
0.000	0.033	1.006181940	0	1
0.000	0.036	1.006182531	0	1
0.000	0.039	1.006183634	0	1
0.000	0.042	1.006188593	0	1
0.000	0.045	1.006183193	0	1
0.000	0.048	1.006180018	0	1
0.000	0.051	1.006183704	0	1
0.000	0.054	1.006185037	0	1
0.000	0.057	1.006181179	0	1
0.000	0.060	1.006183283	0	1
0.000	0.063	1.006180669	0	1
0.000	0.066	1.006180739	0	1
0.000	0.069	1.006181249	0	1
0.000	0.072	1.006180849	0	1
0.000	0.075	1.006181150	0	1
0.000	0.078	1.006179286	0	1
0.000	0.081	1.006187300	0	1
0.000	0.084	1.006179487	0	1
0.000	0.087	1.006179866	0	1
0.000	0.090	1.006179677	1	1
0.000	0.093	1.006182651	2	1
0.000	0.096	1.006181039	3	1
0.000	0.099	1.002085670	31	0
0.000	0.102	1.002085550	16	0
0.000	0.105	1.002088726	31	0
0.000	0.108	1.002081442	31	0
0.000	0.111	1.002081312	31	0
0.000	0.114	1.002080671	31	0
0.000	0.117	1.002079789	31	0
0.000	0.120	0.001014367	5	0
0.000	0.123	1.002082013	31	0
0.000	0.126	0.001014608	11	0
0.000	0.129	0.001013776	28	0
0.000	0.132	0.001013454	25	0
0.000	0.135	0.001014186	31	0
0.000	0.138	0.001012934	31	0
0.000	0.141	0.001013886	31	0
0.000	0.144	0.001012313	31	0
0.000	0.147	0.001012193	31	0
0.000	0.150	0.001012132	31	0
0.000	0.153	0.001012033	31	0
0.000	0.156	0.001012594	31	0
0.000	0.159	0.001011551	31	0
0.000	0.162	0.001011461	31	0
0.000	0.165	0.001011432	31	0
0.000	0.168	0.001011030	31	0
0.000	0.171	0.001011592	31	0
0.000	0.174	0.001010990	31	0
0.000	0.177	0.001010960	31	0
0.000	0.180	0.001011160	31	0
0.000	0.183	0.001010590	31	0
0.000	0.186	0.001011541	31	0
0.000	0.189	0.001010499	31	0
0.000	0.191	0.001010820	31	0
0.000	0.194	0.001010830	31	0
0.000	0.197	0.001010379	31	0
0.000	0.200	0.001010389	31	0
0.000	0.203	0.001010349	31	0
0.000	0.206	0.001010580	31	0
0.000	0.209	0.001011621	31	0
0.000	0.212	0.001010018	31	0
0.000	0.215	0.001010118	31	0
0.000	0.218	0.001010139	31	0
0.000	0.221	0.001010650	31	0
0.000	0.224	0.001010429	31	0
0.000	0.227	0.001010399	31	0
0.000	0.230	0.001009959	31	0
0.000	0.233	0.001010308	31	0
0.000	0.236	0.001010840	31	0
0.000	0.239	0.001010539	31	0
0.000	0.242	0.001009818	31	0
0.000	0.245	0.001009818	31	0
0.000	0.248	0.001010359	31	0
0.000	0.251	0.001009928	31	0
0.000	0.254	0.001010279	31	0
0.000	0.257	0.001010028	31	0
0.000	0.260	0.001009758	31	0
0.000	0.263	0.001010049	31	0
0.000	0.266	0.001010129	31	0
0.000	0.269	0.001010229	31	0
0.000	0.272	0.001009919	31	0
0.000	0.275	0.001009948	31	0
0.000	0.278	0.001009728	31	0
0.000	0.281	0.001010399	31	0
0.000	0.284	0.001010429	31	0
0.000	0.287	0.001009859	31	0
0.000	0.290	0.001009929	31	0
0.000	0.293	0.001009648	31	0
0.000	0.296	0.001009818	31	0
0.000	0.299	0.001009868	31	0
0.000	0.302	0.001009517	31	0
0.000	0.305	0.001009868	31	0
0.000	0.308	0.001009687	31	0
0.000	0.311	0.001010088	31	0
0.000	0.314	0.001010239	31	0
0.000	0.317	0.001010008	31	0
0.000	0.320	0.001009778	31	0
0.000	0.323	0.001009627	31	0
0.000	0.326	0.001010129	31	0
0.000	0.329	0.001010199	31	0
0.000	0.332	0.001009758	31	0
0.000	0.335	0.001009748	31	0
0.000	0.338	0.001009658	31	0
0.000	0.341	0.001010209	31	0
0.000	0.344	0.001010059	31	0
0.000	0.347	0.001009627	31	0
0.000	0.350	0.001009778	31	0
0.000	0.353	0.001009918	31	0
0.000	0.356	0.001010149	31	0
0.000	0.359	0.001010078	31	0
0.000	0.362	0.001009748	31	0
0.000	0.365	0.001009928	31	0
0.000	0.368	0.001009598	31	0
0.000	0.371	0.001009738	31	0
0.000	0.374	0.001011000	31	0
0.000	0.377	0.001010961	31	0
0.000	0.380	0.001009568	31	0
