Vendor ID: 0x1344
Device ID: 0x51bb
Lane: 0
Time (%UI)	Voltage (V)	Duration (s)	Count	Pass
-40.000	0.000	1.008083653	0	1
-37.500	0.000	1.008087941	0	1
-35.000	0.000	1.008084826	0	1
-32.500	0.000	1.008083753	0	1
-30.000	0.000	1.008087079	0	1
-27.500	0.000	0.001008796	31	0
-25.000	0.000	0.003024264	24	0
-22.500	0.000	0.003023664	5	0
-20.000	0.000	0.003023182	5	0
-17.500	0.000	0.003022731	5	0
-15.000	0.000	1.004045562	5	0
-12.500	0.000	1.006069557	0	1
-10.000	0.000	1.008085547	0	1
-7.500	0.000	1.008088152	0	1
-5.000	0.000	1.006071170	0	1
-2.500	0.000	1.006070509	0	1
2.500	0.000	1.008083933	0	1
5.000	0.000	1.006069016	0	1
7.500	0.000	1.008083503	0	1
10.000	0.000	1.008084485	0	1
12.500	0.000	1.008086348	0	1
15.000	0.000	1.008087079	0	1
17.500	0.000	1.008088622	0	1
20.000	0.000	1.008091418	0	1
22.500	0.000	1.008086027	3	1
25.000	0.000	1.004046535	5	0
27.500	0.000	0.003025657	5	0
30.000	0.000	0.003024946	5	0
32.500	0.000	0.001008606	11	0
35.000	0.000	0.003024625	4	0
37.500	0.000	0.003024134	31	0
40.000	0.000	1.008102068	0	1
0.000	-0.100	1.002031357	9	0
0.000	-0.098	0.003028031	8	0
0.000	-0.097	0.003026769	7	0
0.000	-0.095	0.003026489	5	0
0.000	-0.094	0.003025337	5	0
0.000	-0.092	0.003024124	5	0
0.000	-0.091	0.003023463	5	0
0.000	-0.089	0.001008626	5	0
0.000	-0.088	0.003023082	5	0
0.000	-0.086	0.003024185	5	0
0.000	-0.084	0.003022732	5	0
0.000	-0.083	1.004043879	5	0
0.000	-0.081	1.002028802	5	0
0.000	-0.080	1.004049652	5	0
0.000	-0.078	1.004048889	5	0
0.000	-0.077	1.004046485	5	0
0.000	-0.075	1.004047166	5	0
0.000	-0.073	1.004047306	5	0
0.000	-0.072	1.004054590	5	0
0.000	-0.070	1.004043389	5	0
0.000	-0.069	1.008085416	1	1
0.000	-0.067	1.008083242	3	1
0.000	-0.066	1.008066810	1	1
0.000	-0.064	1.008079736	1	1
0.000	-0.062	1.008087921	0	1
0.000	-0.061	1.008087942	0	1
0.000	-0.059	1.008088191	0	1
0.000	-0.058	1.008084946	0	1
0.000	-0.056	1.006071751	0	1
0.000	-0.055	1.006069658	0	1
0.000	-0.053	1.008085897	0	1
0.000	-0.052	1.008087640	0	1
0.000	-0.050	1.008089073	0	1
0.000	-0.048	1.006071972	0	1
0.000	-0.047	1.008085245	0	1
0.000	-0.045	1.006069658	0	1
0.000	-0.044	1.006067884	0	1
0.000	-0.042	1.008084705	0	1
0.000	-0.041	1.008082130	0	1
0.000	-0.039	1.008083502	0	1
0.000	-0.038	1.008086538	0	1
0.000	-0.036	1.006068475	0	1
0.000	-0.034	1.008088091	0	1
0.000	-0.033	1.008088001	0	1
0.000	-0.031	1.008086048	0	1
0.000	-0.030	1.008089584	0	1
0.000	-0.028	1.008088983	0	1
0.000	-0.027	1.008087510	0	1
0.000	-0.025	1.006072062	0	1
0.000	-0.023	1.006071321	0	1
0.000	-0.022	1.006072773	0	1
0.000	-0.020	1.008088993	0	1
0.000	-0.019	1.008091728	0	1
0.000	-0.017	1.008090496	0	1
0.000	-0.016	1.008089334	0	1
0.000	-0.014	1.006070839	0	1
0.000	-0.013	1.008089654	0	1
0.000	-0.011	1.008089063	0	1
0.000	-0.009	1.008089203	0	1
0.000	-0.008	1.008090305	0	1
0.000	-0.006	1.008088783	0	1
0.000	-0.005	1.008086318	0	1
0.000	-0.003	1.008088182	0	1
0.000	-0.002	1.008090046	0	1
0.000	0.002	1.008090296	0	1
0.000	0.003	1.008088842	0	1
0.000	0.005	1.008088131	0	1
0.000	0.006	1.008090845	0	1
0.000	0.008	1.008088011	0	1
0.000	0.009	1.008086579	0	1
0.000	0.011	1.006070790	0	1
0.000	0.013	1.006070479	0	1
0.000	0.014	1.008088542	0	1
0.000	0.016	1.008086859	0	1
0.000	0.017	1.008086689	0	1
0.000	0.019	1.008084214	0	1
0.000	0.020	1.008085798	0	1
0.000	0.022	1.008088191	0	1
0.000	0.023	1.008085677	0	1
0.000	0.025	1.008089404	0	1
0.000	0.027	1.008087209	0	1
0.000	0.028	1.008084765	0	1
0.000	0.030	1.006071231	0	1
0.000	0.031	1.008090676	0	1
0.000	0.033	1.008090275	0	1
0.000	0.034	1.008087641	0	1
0.000	0.036	1.006070239	0	1
0.000	0.038	1.008085677	0	1
0.000	0.039	1.008084384	0	1
0.000	0.041	1.006068215	0	1
0.000	0.042	1.008084866	0	1
0.000	0.044	1.008084024	0	1
0.000	0.045	1.008085988	0	1
0.000	0.047	1.006069166	0	1
0.000	0.048	1.008086187	0	1
0.000	0.050	1.006069658	0	1
0.000	0.052	1.008088923	0	1
0.000	0.053	1.008089614	0	1
0.000	0.055	1.008087370	0	1
0.000	0.056	1.008090756	0	1
0.000	0.058	1.008093652	0	1
0.000	0.059	1.008091037	0	1
0.000	0.061	1.008091558	0	1
0.000	0.062	1.008087281	0	1
0.000	0.064	1.006071882	0	1
0.000	0.066	1.008088522	0	1
0.000	0.067	1.008088843	0	1
0.000	0.069	1.008086740	0	1
0.000	0.070	1.008088432	0	1
0.000	0.072	1.006068756	0	1
0.000	0.073	1.008086289	0	1
0.000	0.075	1.008083873	1	1
0.000	0.077	1.008247624	0	1
0.000	0.078	1.004118642	5	0
0.000	0.080	1.004107580	5	0
0.000	0.081	1.004108462	5	0
0.000	0.083	1.004108062	5	0
0.000	0.084	1.004109815	5	0
0.000	0.086	1.004115936	5	0
0.000	0.088	1.004109714	5	0
0.000	0.089	0.003040846	5	0
0.000	0.091	0.003045745	5	0
0.000	0.092	1.002085410	5	0
0.000	0.094	0.003045725	6	0
0.000	0.095	0.001011482	5	0
0.000	0.097	0.003037169	5	0
0.000	0.098	0.003047529	5	0
0.000	0.100	0.003041307	7	0
