Vendor ID: 0x1987
Device ID: 0x5302
Lane: 2
Time (%UI)	Voltage (V)	Duration (s)	Count	Pass
-50.000	0.000	1.006178824	0	1
-48.387	0.000	1.006179206	0	1
-46.774	0.000	0.001013845	31	0
-45.161	0.000	0.001013545	31	0
-43.548	0.000	0.001013275	31	0
-41.935	0.000	0.001012824	31	0
-40.323	0.000	0.001012493	31	0
-38.710	0.000	0.001012554	31	0
-37.097	0.000	0.001012203	31	0
-35.484	0.000	0.001012222	31	0
-33.871	0.000	0.001011862	14	0
-32.258	0.000	0.001011612	8	0
-30.645	0.000	0.001011621	8	0
-29.032	0.000	0.001011592	15	0
-27.419	0.000	1.002076212	5	0
-25.806	0.000	1.002080189	6	0
-24.194	0.000	1.002080640	5	0
-22.581	0.000	1.006173455	0	1
-20.968	0.000	1.006178044	0	1
-19.355	0.000	1.006183614	0	1
-17.742	0.000	1.006177503	0	1
-16.129	0.000	1.006185518	0	1
-14.516	0.000	1.006185849	0	1
-12.903	0.000	1.006180248	0	1
-11.290	0.000	1.006176471	0	1
-9.677	0.000	1.006178063	0	1
-8.065	0.000	1.006178805	0	1
-6.452	0.000	1.006173364	0	1
-4.839	0.000	1.006177142	0	1
-3.226	0.000	1.006177212	0	1
-1.613	0.000	1.006180167	0	1
1.613	0.000	1.006181891	0	1
3.226	0.000	1.006180288	0	1
4.839	0.000	1.006175329	0	1
6.452	0.000	1.006174306	0	1
8.065	0.000	1.006179195	0	1
9.677	0.000	1.006178885	0	1
11.290	0.000	1.006176259	0	1
12.903	0.000	1.006177152	0	1
14.516	0.000	1.006180118	0	1
16.129	0.000	1.006173004	0	1
17.742	0.000	1.006169808	0	1
19.355	0.000	1.006178444	0	1
20.968	0.000	1.006174316	0	1
22.581	0.000	1.006175297	0	1
24.194	0.000	1.006175368	0	1
25.806	0.000	1.006173155	0	1
27.419	0.000	1.006153957	0	1
29.032	0.000	1.006172242	0	1
30.645	0.000	1.006169337	0	1
32.258	0.000	1.006172503	0	1
33.871	0.000	1.006171321	4	1
35.484	0.000	1.002076433	5	0
37.097	0.000	1.002076623	13	0
38.710	0.000	0.001017443	7	0
40.323	0.000	0.001014236	5	0
41.935	0.000	0.001014006	9	0
43.548	0.000	0.001013825	28	0
45.161	0.000	0.001013264	31	0
46.774	0.000	0.001013355	31	0
48.387	0.000	0.001013115	31	0
50.000	0.000	0.001013185	31	0
0.000	-0.500	1.006172082	0	1
0.000	-0.496	0.001013274	31	0
0.000	-0.492	0.001012964	31	0
0.000	-0.488	0.001012884	31	0
0.000	-0.484	1.006081500	0	1
0.000	-0.480	0.001009788	31	0
0.000	-0.476	1.006173155	0	1
0.000	-0.472	0.001013334	31	0
0.000	-0.469	0.001012974	31	0
0.000	-0.465	0.001013004	31	0
0.000	-0.461	0.001012764	31	0
0.000	-0.457	0.001012583	31	0
0.000	-0.453	0.001012303	31	0
0.000	-0.449	0.001011812	31	0
0.000	-0.445	0.001012643	31	0
0.000	-0.441	0.001011902	31	0
0.000	-0.437	0.001011581	31	0
0.000	-0.433	1.006187821	0	1
0.000	-0.429	1.006179556	0	1
0.000	-0.425	0.001013496	31	0
0.000	-0.421	0.001013144	31	0
0.000	-0.417	1.006173595	0	1
0.000	-0.413	0.001013605	31	0
0.000	-0.409	0.001013135	31	0
0.000	-0.406	0.001013034	31	0
0.000	-0.402	0.001012824	31	0
0.000	-0.398	1.006165059	0	1
0.000	-0.394	0.001012443	31	0
0.000	-0.390	0.001012263	31	0
0.000	-0.386	0.001012933	31	0
0.000	-0.382	1.006172662	0	1
0.000	-0.378	0.001013285	31	0
0.000	-0.374	0.001013014	31	0
0.000	-0.370	0.001012784	31	0
0.000	-0.366	0.001012533	31	0
0.000	-0.362	0.001012553	31	0
0.000	-0.358	1.006176791	0	1
0.000	-0.354	0.001013665	31	0
0.000	-0.350	0.001014486	31	0
0.000	-0.346	0.001012884	31	0
0.000	-0.343	0.001013004	31	0
0.000	-0.339	0.001012523	31	0
0.000	-0.335	0.001012312	31	0
0.000	-0.331	0.001013264	31	0
0.000	-0.327	1.006176951	0	1
0.000	-0.323	0.001013465	31	0
0.000	-0.319	0.001013325	31	0
0.000	-0.315	0.001013034	31	0
0.000	-0.311	1.006177993	0	1
0.000	-0.307	1.006174717	0	1
0.000	-0.303	0.001013374	31	0
0.000	-0.299	0.001012934	31	0
0.000	-0.295	0.001013365	31	0
0.000	-0.291	0.001012703	31	0
0.000	-0.287	1.006177693	0	1
0.000	-0.283	1.006177012	0	1
0.000	-0.280	0.001013986	31	0
0.000	-0.276	0.001013375	31	0
0.000	-0.272	0.001013234	31	0
0.000	-0.268	0.001013004	31	0
0.000	-0.264	0.001012563	31	0
0.000	-0.260	0.001012293	31	0
0.000	-0.256	0.001012333	31	0
0.000	-0.252	0.001012222	31	0
0.000	-0.248	0.001012102	31	0
0.000	-0.244	0.001011662	31	0
0.000	-0.240	0.001011722	31	0
0.000	-0.236	0.001011471	31	0
0.000	-0.232	0.001011622	31	0
0.000	-0.228	0.001011531	31	0
0.000	-0.224	0.001011321	31	0
0.000	-0.220	0.001012222	31	0
0.000	-0.217	0.001011031	31	0
0.000	-0.213	0.001011451	31	0
0.000	-0.209	0.001011180	1	0
0.000	-0.205	0.001010830	22	0
0.000	-0.201	0.001011972	22	0
0.000	-0.197	0.001010800	7	0
0.000	-0.193	0.001011020	11	0
0.000	-0.189	0.001010940	6	0
0.000	-0.185	0.001010770	7	0
0.000	-0.181	0.001011862	6	0
0.000	-0.177	0.001010619	5	0
0.000	-0.173	0.001010770	5	0
0.000	-0.169	0.001010770	7	0
0.000	-0.165	1.002076102	5	0
0.000	-0.161	1.002082465	5	0
0.000	-0.157	1.002079299	12	0
0.000	-0.154	1.002079318	6	0
0.000	-0.150	1.002081984	5	0
0.000	-0.146	1.002083196	5	0
0.000	-0.142	1.002082403	5	0
0.000	-0.138	1.006182080	0	1
0.000	-0.134	1.006181429	1	1
0.000	-0.130	1.006177652	0	1
0.000	-0.126	1.006182933	0	1
0.000	-0.122	1.006185387	0	1
0.000	-0.118	1.006180949	0	1
0.000	-0.114	1.006176570	0	1
0.000	-0.110	1.006177242	0	1
0.000	-0.106	1.006180096	0	1
0.000	-0.102	1.006177993	0	1
0.000	-0.098	1.006174616	0	1
0.000	-0.094	1.006175548	0	1
0.000	-0.091	1.006177472	0	1
0.000	-0.087	1.006178545	0	1
0.000	-0.083	1.006176941	0	1
0.000	-0.079	1.006188092	0	1
0.000	-0.075	1.006181170	0	1
0.000	-0.071	1.006181980	0	1
0.000	-0.067	1.006182853	0	1
0.000	-0.063	1.006166551	0	1
0.000	-0.059	1.006182171	0	1
0.000	-0.055	1.006180408	0	1
0.000	-0.051	1.006169797	0	1
0.000	-0.047	1.006175920	0	1
0.000	-0.043	1.006178043	0	1
0.000	-0.039	1.006160519	0	1
0.000	-0.035	1.006174997	0	1
0.000	-0.031	1.006176701	0	1
0.000	-0.028	1.006176400	0	1
0.000	-0.024	1.006177141	0	1
0.000	-0.020	1.006174467	0	1
0.000	-0.016	1.006172112	0	1
0.000	-0.012	1.006172122	0	1
0.000	-0.008	1.006172393	0	1
0.000	-0.004	1.006174627	0	1
0.000	0.004	1.006175779	0	1
0.000	0.008	1.006175499	0	1
0.000	0.012	1.006175719	0	1
0.000	0.016	1.006176260	0	1
0.000	0.020	1.006174036	0	1
0.000	0.024	1.006179205	0	1
0.000	0.028	1.006175729	0	1
0.000	0.031	1.006174557	0	1
0.000	0.035	1.006177932	0	1
0.000	0.039	1.006177713	0	1
0.000	0.043	1.006174006	0	1
0.000	0.047	1.006171912	0	1
0.000	0.051	1.006175247	0	1
0.000	0.055	1.006171472	0	1
0.000	0.059	1.006170880	0	1
0.000	0.063	1.006170519	0	1
0.000	0.067	1.006159247	0	1
0.000	0.071	1.006175188	0	1
0.000	0.075	1.006174708	0	1
0.000	0.079	1.006181921	0	1
0.000	0.083	1.006181440	0	1
0.000	0.087	1.006173525	0	1
0.000	0.091	1.006131034	0	1
0.000	0.094	1.006177914	0	1
0.000	0.098	1.006176069	0	1
0.000	0.102	1.006188503	0	1
0.000	0.106	1.006169848	0	1
0.000	0.110	1.006173134	0	1
0.000	0.114	1.006175228	0	1
0.000	0.118	1.006140091	0	1
0.000	0.122	1.006169678	0	1
0.000	0.126	1.006173054	0	1
0.000	0.130	1.006174597	0	1
0.000	0.134	1.006172012	0	1
0.000	0.138	1.006149129	1	1
0.000	0.142	1.002075341	6	0
0.000	0.146	1.002081051	11	0
0.000	0.150	1.002084498	6	0
0.000	0.154	1.002086982	13	0
0.000	0.157	1.002076062	9	0
0.000	0.161	0.001010950	5	0
0.000	0.165	1.002084899	7	0
0.000	0.169	0.001013826	7	0
0.000	0.173	0.001013034	7	0
0.000	0.177	0.001012854	5	0
0.000	0.181	0.001012713	9	0
0.000	0.185	0.001012433	5	0
0.000	0.189	0.001011912	9	0
0.000	0.193	0.001012073	12	0
0.000	0.197	0.001011592	4	0
0.000	0.201	0.001011902	15	0
0.000	0.205	0.001011471	31	0
0.000	0.209	0.001011141	31	0
0.000	0.213	0.001011041	31	0
0.000	0.217	0.001010960	31	0
0.000	0.220	0.001010740	31	0
0.000	0.224	0.001010880	31	0
0.000	0.228	0.001010710	31	0
0.000	0.232	0.001010720	31	0
0.000	0.236	0.001010820	31	0
0.000	0.240	0.001010440	31	0
0.000	0.244	0.001010479	31	0
0.000	0.248	0.001010510	31	0
0.000	0.252	0.001010439	31	0
0.000	0.256	0.001010339	31	0
0.000	0.260	0.001010690	31	0
0.000	0.264	1.006174716	0	1
0.000	0.268	0.001014227	31	0
0.000	0.272	0.001012753	31	0
0.000	0.276	0.001012263	31	0
0.000	0.280	1.006174527	0	1
0.000	0.283	1.006174296	0	1
0.000	0.287	0.001013074	31	0
0.000	0.291	0.001012813	31	0
0.000	0.295	0.001012653	31	0
0.000	0.299	1.006170398	0	1
0.000	0.303	0.001012523	31	0
0.000	0.307	0.001012383	31	0
0.000	0.311	0.001013174	31	0
0.000	0.315	0.001011762	31	0
0.000	0.319	0.001011732	31	0
0.000	0.323	1.006173024	0	1
0.000	0.327	0.001013616	31	0
0.000	0.331	0.001012794	31	0
0.000	0.335	1.006171521	0	1
0.000	0.339	0.001012724	31	0
0.000	0.343	0.001012763	31	0
0.000	0.346	0.001012543	31	0
0.000	0.350	0.001012493	31	0
0.000	0.354	0.001012032	31	0
0.000	0.358	0.001012844	31	0
0.000	0.362	0.001011571	31	0
0.000	0.366	1.006170549	0	1
0.000	0.370	0.001012974	31	0
0.000	0.374	1.006169898	0	1
0.000	0.378	1.006173224	0	1
0.000	0.382	0.001012693	31	0
0.000	0.386	0.001012593	31	0
0.000	0.390	0.001012423	31	0
0.000	0.394	1.006175609	0	1
0.000	0.398	1.006171241	0	1
0.000	0.402	0.001013215	31	0
0.000	0.406	1.006172102	0	1
0.000	0.409	0.001013334	31	0
0.000	0.413	0.001012974	31	0
0.000	0.417	1.006176700	0	1
0.000	0.421	1.006175188	0	1
0.000	0.425	0.001013014	31	0
0.000	0.429	1.006176821	0	1
0.000	0.433	1.006176370	0	1
0.000	0.437	0.001013225	31	0
0.000	0.441	0.001012754	31	0
0.000	0.445	0.001013405	31	0
0.000	0.449	0.001012273	31	0
0.000	0.453	1.006174557	0	1
0.000	0.457	0.001013095	31	0
0.000	0.461	0.001012794	31	0
0.000	0.465	1.006171050	0	1
0.000	0.469	1.006178835	0	1
0.000	0.472	0.001012924	31	0
0.000	0.476	1.006175519	0	1
0.000	0.480	0.001012974	31	0
0.000	0.484	0.001012694	31	0
0.000	0.488	0.001012543	31	0
0.000	0.492	0.001012383	31	0
0.000	0.496	1.006171611	0	1
0.000	0.500	1.006172864	0	1
