Vendor ID: 0x1022
Device ID: 0x153e
Lane: 0
Time (%UI)	Voltage (V)	Duration (s)	Count	Pass
-25.000	0.000	1.006169968	2	1
-23.438	0.000	1.006174636	2	1
-21.875	0.000	1.006170579	0	1
-20.312	0.000	1.006174076	0	1
-18.750	0.000	1.006168104	0	1
-17.188	0.000	1.006173726	0	1
-15.625	0.000	1.006173044	0	1
-14.062	0.000	1.006174977	0	1
-12.500	0.000	1.006165680	0	1
-10.938	0.000	1.006170890	0	1
-9.375	0.000	1.006170909	0	1
-7.812	0.000	1.006171290	0	1
-6.250	0.000	1.006169598	0	1
-4.688	0.000	1.006172263	0	1
-3.125	0.000	1.006169917	0	1
-1.562	0.000	1.006170118	0	1
1.562	0.000	1.006169517	0	1
3.125	0.000	1.006170369	0	1
4.688	0.000	1.006172092	0	1
6.250	0.000	1.006169858	0	1
7.812	0.000	1.006169858	0	1
9.375	0.000	1.006169186	0	1
10.938	0.000	1.006171992	0	1
12.500	0.000	1.006168997	0	1
14.062	0.000	1.006137296	0	1
15.625	0.000	1.006169167	0	1
17.188	0.000	1.006171351	0	1
18.750	0.000	1.006171340	0	1
20.312	0.000	1.002077776	5	0
21.875	0.000	1.002075230	5	0
23.438	0.000	1.002078016	5	0
25.000	0.000	1.002076282	5	0
0.000	-0.130	1.002076944	5	0
0.000	-0.126	1.002077254	5	0
0.000	-0.121	1.002072685	5	0
0.000	-0.117	1.002074679	5	0
0.000	-0.112	1.002077134	5	0
0.000	-0.108	1.002076814	5	0
0.000	-0.103	1.002076784	5	0
0.000	-0.099	1.006169988	2	1
0.000	-0.094	1.006171010	1	1
0.000	-0.090	1.006169688	0	1
0.000	-0.085	1.006070709	0	1
0.000	-0.081	1.006165480	0	1
0.000	-0.076	1.006166430	0	1
0.000	-0.072	1.006170298	0	1
0.000	-0.067	1.006169557	0	1
0.000	-0.063	1.006131414	0	1
0.000	-0.058	1.006184606	0	1
0.000	-0.054	1.006130312	0	1
0.000	-0.049	1.006172222	0	1
0.000	-0.045	1.006175939	0	1
0.000	-0.040	1.006139890	0	1
0.000	-0.036	1.006168866	0	1
0.000	-0.031	1.006166412	0	1
0.000	-0.027	1.006172983	0	1
0.000	-0.022	1.006173234	0	1
0.000	-0.018	1.006149449	0	1
0.000	-0.013	1.006169366	0	1
0.000	-0.009	1.006172083	0	1
0.000	-0.004	1.006173644	0	1
0.000	0.004	1.006176460	0	1
0.000	0.009	1.006166962	0	1
0.000	0.013	1.006170199	0	1
0.000	0.018	1.006174005	0	1
0.000	0.022	1.006175148	0	1
0.000	0.027	1.006175859	0	1
0.000	0.031	1.006171110	0	1
0.000	0.036	1.006174997	0	1
0.000	0.040	1.006174807	0	1
0.000	0.045	1.006175168	0	1
0.000	0.049	1.006177382	0	1
0.000	0.054	1.006172564	0	1
0.000	0.058	1.006174065	0	1
0.000	0.063	1.006173604	0	1
0.000	0.067	1.006177833	0	1
0.000	0.072	1.006174968	0	1
0.000	0.076	1.006174536	0	1
0.000	0.081	1.006185397	0	1
0.000	0.085	1.006182672	0	1
0.000	0.090	1.006177592	0	1
0.000	0.094	1.006180057	0	1
0.000	0.099	1.006165199	1	1
0.000	0.103	1.002076373	5	0
0.000	0.108	1.002082533	5	0
0.000	0.112	1.002080551	5	0
0.000	0.117	1.002078797	5	0
0.000	0.121	1.002079028	5	0
0.000	0.126	1.002079659	5	0
0.000	0.130	1.002080079	5	0
