Vendor ID: 0x1022
Device ID: 0x153e
Lane: 2
Time (%UI)	Voltage (V)	Duration (s)	Count	Pass
-25.000	0.000	1.002082965	5	0
-23.438	0.000	1.006177413	3	1
-21.875	0.000	1.006176911	0	1
-20.312	0.000	1.006181120	0	1
-18.750	0.000	1.006179586	0	1
-17.188	0.000	1.006178935	0	1
-15.625	0.000	1.006179156	0	1
-14.062	0.000	1.006179866	0	1
-12.500	0.000	1.006176651	0	1
-10.938	0.000	1.006179296	0	1
-9.375	0.000	1.006179637	0	1
-7.812	0.000	1.006176931	0	1
-6.250	0.000	1.006176831	0	1
-4.688	0.000	1.006183654	0	1
-3.125	0.000	1.006178214	0	1
-1.562	0.000	1.006178034	0	1
1.562	0.000	1.006180207	0	1
3.125	0.000	1.006173956	0	1
4.688	0.000	1.006178403	0	1
6.250	0.000	1.006179887	0	1
7.812	0.000	1.006181249	0	1
9.375	0.000	1.006180028	0	1
10.938	0.000	1.006179696	0	1
12.500	0.000	1.006179767	0	1
14.062	0.000	1.006178284	0	1
15.625	0.000	1.006176912	0	1
17.188	0.000	1.002079598	5	0
18.750	0.000	1.002078896	5	0
20.312	0.000	1.002079367	5	0
21.875	0.000	1.002078977	5	0
23.438	0.000	1.002079058	5	0
25.000	0.000	1.002078857	5	0
0.000	-0.130	1.002080100	5	0
0.000	-0.126	1.002079318	5	0
0.000	-0.121	1.002081362	5	0
0.000	-0.117	1.002080610	5	0
0.000	-0.112	1.002080761	5	0
0.000	-0.108	1.002080120	5	0
0.000	-0.103	1.006183244	3	1
0.000	-0.099	1.006178023	1	1
0.000	-0.094	1.006177082	0	1
0.000	-0.090	1.006181139	0	1
0.000	-0.085	1.006126165	0	1
0.000	-0.081	1.006174767	0	1
0.000	-0.076	1.006178925	0	1
0.000	-0.072	1.006180328	0	1
0.000	-0.067	1.006177432	0	1
0.000	-0.063	1.006179336	0	1
0.000	-0.058	1.006179206	0	1
0.000	-0.054	1.006177431	0	1
0.000	-0.049	1.006177181	0	1
0.000	-0.045	1.006181801	0	1
0.000	-0.040	1.006164337	0	1
0.000	-0.036	1.006177352	0	1
0.000	-0.031	1.006181139	0	1
0.000	-0.027	1.006178834	0	1
0.000	-0.022	1.006177542	0	1
0.000	-0.018	1.006180207	0	1
0.000	-0.013	1.006183374	0	1
0.000	-0.009	1.006177402	0	1
0.000	-0.004	1.006121646	0	1
0.000	0.004	1.006175338	0	1
0.000	0.009	1.006167653	0	1
0.000	0.013	1.006176581	0	1
0.000	0.018	1.006186880	0	1
0.000	0.022	1.006144299	0	1
0.000	0.027	1.006176761	0	1
0.000	0.031	1.006178084	0	1
0.000	0.036	1.006197390	0	1
0.000	0.040	1.006186850	0	1
0.000	0.045	1.006162705	0	1
0.000	0.049	1.006182322	0	1
0.000	0.054	1.006177442	0	1
0.000	0.058	1.006184295	0	1
0.000	0.063	1.006182752	0	1
0.000	0.067	1.006174337	0	1
0.000	0.072	1.006181179	0	1
0.000	0.076	1.006183644	0	1
0.000	0.081	1.006182862	0	1
0.000	0.085	1.006181250	0	1
0.000	0.090	1.006170850	0	1
0.000	0.094	1.006179926	0	1
0.000	0.099	1.006180558	1	1
0.000	0.103	1.002080059	5	0
0.000	0.108	1.002083626	5	0
0.000	0.112	1.002083807	5	0
0.000	0.117	1.002079408	5	0
0.000	0.121	1.002079649	5	0
0.000	0.126	1.002082314	5	0
0.000	0.130	1.002083095	5	0
