Vendor ID: 0x1b96
Device ID: 0x2751
Lane: 1
Time (%UI)	Voltage (V)	Duration (s)	Count	Pass
-40.000	0.000	0.001012604	27	0
-37.143	0.000	0.003034504	20	0
-34.286	0.000	0.003034845	6	0
-31.429	0.000	0.003033351	6	0
-28.571	0.000	0.003034153	5	0
-25.714	0.000	1.004100146	5	0
-22.857	0.000	1.004107832	5	0
-20.000	0.000	1.006184386	0	1
-17.143	0.000	1.008209542	0	1
-14.286	0.000	1.008213249	0	1
-11.429	0.000	1.008207749	0	1
-8.571	0.000	1.008210794	0	1
-5.714	0.000	1.006186200	0	1
-2.857	0.000	1.008228047	0	1
2.857	0.000	1.008210094	0	1
5.714	0.000	1.008211607	0	1
8.571	0.000	1.006178895	0	1
11.429	0.000	1.008208420	0	1
14.286	0.000	1.008211025	0	1
17.143	0.000	1.008211906	0	1
20.000	0.000	1.008206255	3	1
22.857	0.000	1.004108011	5	0
25.714	0.000	0.003040606	5	0
28.571	0.000	0.003038522	5	0
31.429	0.000	0.003038782	19	0
34.286	0.000	0.003036397	31	0
37.143	0.000	0.003035626	31	0
40.000	0.000	1.008200665	0	1
0.000	-0.120	0.003039043	8	0
0.000	-0.118	1.002078167	7	0
0.000	-0.116	0.003040705	6	0
0.000	-0.114	0.003038721	5	0
0.000	-0.112	0.003036929	5	0
0.000	-0.111	0.003037038	5	0
0.000	-0.109	1.002073697	5	0
0.000	-0.107	0.003039122	7	0
0.000	-0.105	0.003036468	5	0
0.000	-0.103	0.003034905	5	0
0.000	-0.101	0.003033642	5	0
0.000	-0.099	0.003034073	5	0
0.000	-0.098	1.004092362	5	0
0.000	-0.096	1.002065753	5	0
0.000	-0.094	1.004103263	5	0
0.000	-0.092	1.004106970	5	0
0.000	-0.090	1.002079228	5	0
0.000	-0.088	1.004107540	5	0
0.000	-0.086	1.004107590	5	0
0.000	-0.084	1.004106129	5	0
0.000	-0.082	1.008209402	3	1
0.000	-0.081	1.004105065	5	0
0.000	-0.079	1.008224160	2	1
0.000	-0.077	1.008235851	2	1
0.000	-0.075	1.008221946	0	1
0.000	-0.073	1.008214220	0	1
0.000	-0.071	1.008210183	2	1
0.000	-0.069	1.008208851	0	1
0.000	-0.068	1.006187191	0	1
0.000	-0.066	1.008212457	0	1
0.000	-0.064	1.006183463	0	1
0.000	-0.062	1.008129750	0	1
0.000	-0.060	1.008199212	0	1
0.000	-0.058	1.008204652	0	1
0.000	-0.056	1.008209152	0	1
0.000	-0.054	1.006185357	0	1
0.000	-0.052	1.008176419	0	1
0.000	-0.051	1.008189774	0	1
0.000	-0.049	1.008207309	0	1
0.000	-0.047	1.006185558	0	1
0.000	-0.045	1.008209723	0	1
0.000	-0.043	1.008200375	0	1
0.000	-0.041	1.008200375	0	1
0.000	-0.039	1.008209122	0	1
0.000	-0.037	1.008209533	0	1
0.000	-0.036	1.008208399	0	1
0.000	-0.034	1.008192990	0	1
0.000	-0.032	1.008203230	0	1
0.000	-0.030	1.008204814	0	1
0.000	-0.028	1.008207609	0	1
0.000	-0.026	1.008210394	0	1
0.000	-0.024	1.008199643	0	1
0.000	-0.022	1.008206466	0	1
0.000	-0.021	1.008209312	0	1
0.000	-0.019	1.008211886	0	1
0.000	-0.017	1.008210064	0	1
0.000	-0.015	1.008220022	0	1
0.000	-0.013	1.006183424	0	1
0.000	-0.011	1.008207107	0	1
0.000	-0.009	1.008211456	0	1
0.000	-0.007	1.006189375	0	1
0.000	-0.006	1.008213390	0	1
0.000	-0.004	1.008210153	0	1
0.000	-0.002	1.008207328	0	1
0.000	0.002	1.008208501	0	1
0.000	0.004	1.008209442	0	1
0.000	0.006	1.008210364	0	1
0.000	0.007	1.006178163	0	1
0.000	0.009	1.008207798	0	1
0.000	0.011	1.008204843	0	1
0.000	0.013	1.006179907	0	1
0.000	0.015	1.008203921	0	1
0.000	0.017	1.008204493	0	1
0.000	0.019	1.008206045	0	1
0.000	0.021	1.008208239	0	1
0.000	0.022	1.008215904	0	1
0.000	0.024	1.008208720	0	1
0.000	0.026	1.006185477	0	1
0.000	0.028	1.008208029	0	1
0.000	0.030	1.006189035	0	1
0.000	0.032	1.006187311	0	1
0.000	0.034	1.008208239	0	1
0.000	0.036	1.006181560	0	1
0.000	0.037	1.008209432	0	1
0.000	0.039	1.006180729	0	1
0.000	0.041	1.008206997	0	1
0.000	0.043	1.008208400	0	1
0.000	0.045	1.008207509	0	1
0.000	0.047	1.008205053	0	1
0.000	0.049	1.008207619	0	1
0.000	0.051	1.008206486	0	1
0.000	0.052	1.008209051	0	1
0.000	0.054	1.008211366	0	1
0.000	0.056	1.008209843	0	1
0.000	0.058	1.008209051	0	1
0.000	0.060	1.006182752	0	1
0.000	0.062	1.006182652	0	1
0.000	0.064	1.008208149	0	1
0.000	0.066	1.008212028	0	1
0.000	0.068	1.008207188	0	1
0.000	0.069	1.008208650	0	1
0.000	0.071	1.008209512	0	1
0.000	0.073	1.006181670	0	1
0.000	0.075	1.008206938	0	1
0.000	0.077	1.008205836	0	1
0.000	0.079	1.008205143	0	1
0.000	0.081	1.006186841	0	1
0.000	0.082	1.008208589	0	1
0.000	0.084	1.008205795	0	1
0.000	0.086	1.008207247	0	1
0.000	0.088	1.008212378	1	1
0.000	0.090	1.008207407	3	1
0.000	0.092	1.008186489	2	1
0.000	0.094	1.002076874	5	0
0.000	0.096	1.004110115	5	0
0.000	0.098	1.004115505	5	0
0.000	0.099	1.004106940	5	0
0.000	0.101	1.004126056	5	0
0.000	0.103	1.004116508	5	0
0.000	0.105	1.004116808	5	0
0.000	0.107	1.004109825	5	0
0.000	0.109	0.003042119	5	0
0.000	0.111	0.003039153	5	0
0.000	0.112	0.003037721	5	0
0.000	0.114	0.003036788	5	0
0.000	0.116	0.003036037	5	0
0.000	0.118	0.003043190	5	0
0.000	0.120	0.003081924	5	0
