Vendor ID: 0x1bb1
Device ID: 0x5026
Lane: 1
Time (%UI)	Voltage (V)	Duration (s)	Count	Pass
-50.000	0.000	0.001012093	31	0
-48.387	0.000	0.001011471	31	0
-46.774	0.000	0.001011231	31	0
-45.161	0.000	0.001011321	31	0
-43.548	0.000	0.001011331	31	0
-41.935	0.000	0.001012092	31	0
-40.323	0.000	0.001012003	31	0
-38.710	0.000	0.001012012	31	0
-37.097	0.000	0.001011712	31	0
-35.484	0.000	0.001011681	31	0
-33.871	0.000	0.001011631	31	0
-32.258	0.000	0.001011781	31	0
-30.645	0.000	0.001011612	31	0
-29.032	0.000	0.001011451	31	0
-27.419	0.000	0.001011591	31	0
-25.806	0.000	0.001011461	31	0
-24.194	0.000	0.001011401	31	0
-22.581	0.000	0.001011972	8	0
-20.968	0.000	0.001011221	8	0
-19.355	0.000	0.001011481	14	0
-17.742	0.000	0.001011161	5	0
-16.129	0.000	0.001010980	10	0
-14.516	0.000	1.002079127	5	0
-12.903	0.000	1.002082584	6	0
-11.290	0.000	1.006187793	1	1
-9.677	0.000	1.006189776	0	1
-8.065	0.000	1.006093032	0	1
-6.452	0.000	1.006179907	0	1
-4.839	0.000	1.006175028	0	1
-3.226	0.000	1.006186730	0	1
-1.613	0.000	1.006188182	0	1
1.613	0.000	1.006159989	0	1
3.226	0.000	1.006184767	0	1
4.839	0.000	1.006185628	0	1
6.452	0.000	1.006186860	0	1
8.065	0.000	1.006187632	0	1
9.677	0.000	1.006170369	0	1
11.290	0.000	1.006183293	0	1
12.903	0.000	1.006188964	0	1
14.516	0.000	1.006186790	0	1
16.129	0.000	1.006138819	0	1
17.742	0.000	1.006173625	0	1
19.355	0.000	1.006186529	0	1
20.968	0.000	1.006186680	0	1
22.581	0.000	1.006186389	0	1
24.194	0.000	1.006191168	0	1
25.806	0.000	1.006178454	0	1
27.419	0.000	1.006185047	1	1
29.032	0.000	1.006188614	0	1
30.645	0.000	1.002080681	10	0
32.258	0.000	1.002081543	14	0
33.871	0.000	1.002082374	5	0
35.484	0.000	0.001014748	5	0
37.097	0.000	0.001014237	5	0
38.710	0.000	0.001011701	5	0
40.323	0.000	0.001013836	8	0
41.935	0.000	0.001013235	14	0
43.548	0.000	0.001013014	1	0
45.161	0.000	0.001013214	31	0
46.774	0.000	0.001013195	31	0
48.387	0.000	0.001012794	31	0
50.000	0.000	0.001011992	31	0
0.000	-0.400	0.001012233	31	0
0.000	-0.397	0.001012393	31	0
0.000	-0.394	0.001012673	31	0
0.000	-0.391	0.001012173	31	0
0.000	-0.387	0.001012012	31	0
0.000	-0.384	0.001012043	31	0
0.000	-0.381	0.001011651	31	0
0.000	-0.378	0.001012012	31	0
0.000	-0.375	0.001011932	31	0
0.000	-0.372	0.001011691	31	0
0.000	-0.369	0.001011582	31	0
0.000	-0.365	0.001011601	31	0
0.000	-0.362	0.001011631	31	0
0.000	-0.359	0.001011692	31	0
0.000	-0.356	0.001011411	31	0
0.000	-0.353	0.001011401	31	0
0.000	-0.350	0.001011461	31	0
0.000	-0.346	0.001011502	31	0
0.000	-0.343	0.001011392	31	0
0.000	-0.340	0.001011421	31	0
0.000	-0.337	0.001011311	31	0
0.000	-0.334	0.001011221	31	0
0.000	-0.331	0.001011421	31	0
0.000	-0.328	0.001011421	31	0
0.000	-0.324	0.001011201	31	0
0.000	-0.321	0.001010980	31	0
0.000	-0.318	0.001011190	31	0
0.000	-0.315	0.001011401	31	0
0.000	-0.312	0.001011321	31	0
0.000	-0.309	0.001011181	31	0
0.000	-0.306	0.001011060	31	0
0.000	-0.302	0.001011000	31	0
0.000	-0.299	0.001011191	31	0
0.000	-0.296	0.001009789	31	0
0.000	-0.293	0.001011191	31	0
0.000	-0.290	0.001011000	31	0
0.000	-0.287	0.001011000	31	0
0.000	-0.283	0.001011381	31	0
0.000	-0.280	0.001011181	31	0
0.000	-0.277	0.001010920	31	0
0.000	-0.274	0.001011071	31	0
0.000	-0.271	0.001010850	31	0
0.000	-0.268	0.001011181	31	0
0.000	-0.265	0.001011211	31	0
0.000	-0.261	0.001010990	31	0
0.000	-0.258	0.001009828	31	0
0.000	-0.255	0.001009868	31	0
0.000	-0.252	0.001010069	31	0
0.000	-0.249	0.001010319	31	0
0.000	-0.246	0.001009978	31	0
0.000	-0.243	0.001010068	31	0
0.000	-0.239	0.001010018	31	0
0.000	-0.236	0.001010189	31	0
0.000	-0.233	0.001010229	31	0
0.000	-0.230	0.001009998	31	0
0.000	-0.227	0.001009938	31	0
0.000	-0.224	0.001010239	31	0
0.000	-0.220	0.001009868	31	0
0.000	-0.217	0.001010097	31	0
0.000	-0.214	0.001009958	31	0
0.000	-0.211	0.001009528	31	0
0.000	-0.208	0.001010620	31	0
0.000	-0.205	0.001010129	31	0
0.000	-0.202	0.001009868	31	0
0.000	-0.198	0.001009478	31	0
0.000	-0.195	0.001009557	3	0
0.000	-0.192	0.001010118	18	0
0.000	-0.189	0.001009778	12	0
0.000	-0.186	0.001009588	15	0
0.000	-0.183	0.001009568	9	0
0.000	-0.180	0.001009548	10	0
0.000	-0.176	0.001010159	6	0
0.000	-0.173	0.001009598	5	0
0.000	-0.170	0.001009607	5	0
0.000	-0.167	0.001009577	5	0
0.000	-0.164	0.001009658	7	0
0.000	-0.161	0.001010199	5	0
0.000	-0.157	0.001009868	5	0
0.000	-0.154	0.001010259	7	0
0.000	-0.151	0.001009578	9	0
0.000	-0.148	0.001009678	6	0
0.000	-0.145	1.002075361	6	0
0.000	-0.142	1.002037680	5	0
0.000	-0.139	1.002078547	5	0
0.000	-0.135	1.002083626	7	0
0.000	-0.132	1.002082734	5	0
0.000	-0.129	1.002081332	5	0
0.000	-0.126	1.002082113	7	0
0.000	-0.123	1.002085639	6	0
0.000	-0.120	1.002082844	6	0
0.000	-0.117	1.006192330	4	1
0.000	-0.113	1.006199234	0	1
0.000	-0.110	1.006187432	0	1
0.000	-0.107	1.006188874	0	1
0.000	-0.104	1.006189655	0	1
0.000	-0.101	1.006186621	0	1
0.000	-0.098	1.006204753	0	1
0.000	-0.094	1.006187772	0	1
0.000	-0.091	1.006204804	0	1
0.000	-0.088	1.006190687	0	1
0.000	-0.085	1.006186890	0	1
0.000	-0.082	1.006187281	0	1
0.000	-0.079	1.006187011	0	1
0.000	-0.076	1.006188273	0	1
0.000	-0.072	1.006186369	0	1
0.000	-0.069	1.006189635	0	1
0.000	-0.066	1.006188313	0	1
0.000	-0.063	1.006189566	0	1
0.000	-0.060	1.006192521	0	1
0.000	-0.057	1.006187461	0	1
0.000	-0.054	1.006187952	0	1
0.000	-0.050	1.006188563	0	1
0.000	-0.047	1.006188002	0	1
0.000	-0.044	1.006187672	0	1
0.000	-0.041	1.006186229	0	1
0.000	-0.038	1.006187872	0	1
0.000	-0.035	1.006165830	0	1
0.000	-0.031	1.006183654	0	1
0.000	-0.028	1.006184526	0	1
0.000	-0.025	1.006151543	0	1
0.000	-0.022	1.006186970	0	1
0.000	-0.019	1.006192631	0	1
0.000	-0.016	1.006200877	0	1
0.000	-0.013	1.006190046	0	1
0.000	-0.009	1.006216225	0	1
0.000	-0.006	1.006193242	0	1
0.000	-0.003	1.006182021	0	1
0.000	0.003	1.006189876	0	1
0.000	0.006	1.006180588	0	1
0.000	0.009	1.006100907	0	1
0.000	0.013	1.006181880	0	1
0.000	0.016	1.006187771	0	1
0.000	0.019	1.006194214	0	1
0.000	0.022	1.006189376	0	1
0.000	0.025	1.006160700	0	1
0.000	0.028	1.006187861	0	1
0.000	0.031	1.006186178	0	1
0.000	0.035	1.006188283	0	1
0.000	0.038	1.006190707	0	1
0.000	0.041	1.006177562	0	1
0.000	0.044	1.006189656	0	1
0.000	0.047	1.006192400	0	1
0.000	0.050	1.006190798	0	1
0.000	0.054	1.006191669	0	1
0.000	0.057	1.006184997	0	1
0.000	0.060	1.006191428	0	1
0.000	0.063	1.006185898	0	1
0.000	0.066	1.006194114	0	1
0.000	0.069	1.006194274	0	1
0.000	0.072	1.006177603	0	1
0.000	0.076	1.006189796	0	1
0.000	0.079	1.006192521	0	1
0.000	0.082	1.006193012	0	1
0.000	0.085	1.006192069	0	1
0.000	0.088	1.006190637	0	1
0.000	0.091	1.006189746	0	1
0.000	0.094	1.006193042	0	1
0.000	0.098	1.006193683	0	1
0.000	0.101	1.006192841	0	1
0.000	0.104	1.006190617	0	1
0.000	0.107	1.006195006	0	1
0.000	0.110	1.006192300	1	1
0.000	0.113	1.006193153	2	1
0.000	0.117	1.006194044	2	1
0.000	0.120	1.006193652	3	1
0.000	0.123	1.002086742	8	0
0.000	0.126	1.002086191	9	0
0.000	0.129	1.002084518	5	0
0.000	0.132	1.002083617	5	0
0.000	0.135	1.002082834	6	0
0.000	0.139	1.002084468	10	0
0.000	0.142	1.002082544	5	0
0.000	0.145	1.002082835	6	0
0.000	0.148	1.002084779	5	0
0.000	0.151	1.002084789	10	0
0.000	0.154	0.001015139	5	0
0.000	0.157	0.001014617	9	0
0.000	0.161	0.001014487	7	0
0.000	0.164	0.001014247	6	0
0.000	0.167	0.001013695	14	0
0.000	0.170	0.001013265	10	0
0.000	0.173	0.001013225	7	0
0.000	0.176	0.001013635	6	0
0.000	0.180	0.001013015	12	0
0.000	0.183	0.001012613	11	0
0.000	0.186	0.001012603	10	0
0.000	0.189	0.001012403	10	0
0.000	0.192	0.001012523	23	0
0.000	0.195	0.001012583	31	0
0.000	0.198	0.001012253	31	0
0.000	0.202	0.001011872	31	0
0.000	0.205	0.001011972	31	0
0.000	0.208	0.001011772	31	0
0.000	0.211	0.001011781	31	0
0.000	0.214	0.001011652	31	0
0.000	0.217	0.001011662	31	0
0.000	0.220	0.001011591	31	0
0.000	0.224	0.001011782	31	0
0.000	0.227	0.001011661	31	0
0.000	0.230	0.001011571	31	0
0.000	0.233	0.001011382	31	0
0.000	0.236	0.001011562	31	0
0.000	0.239	0.001011482	31	0
0.000	0.243	0.001011581	31	0
0.000	0.246	0.001012362	31	0
0.000	0.249	0.001011241	31	0
0.000	0.252	0.001011301	31	0
0.000	0.255	0.001011392	31	0
0.000	0.258	0.001011472	31	0
0.000	0.261	0.001010991	31	0
0.000	0.265	0.001011171	31	0
0.000	0.268	0.001011190	31	0
0.000	0.271	0.001011231	31	0
0.000	0.274	0.001011461	31	0
0.000	0.277	0.001011010	31	0
0.000	0.280	0.001010960	31	0
0.000	0.283	0.001010980	31	0
0.000	0.287	0.001011271	31	0
0.000	0.290	0.001011332	31	0
0.000	0.293	0.001011261	31	0
0.000	0.296	0.001010991	31	0
0.000	0.299	0.001011181	31	0
0.000	0.302	0.001011251	31	0
0.000	0.306	0.001011251	31	0
0.000	0.309	0.001010789	31	0
0.000	0.312	0.001010960	31	0
0.000	0.315	0.001011973	31	0
0.000	0.318	0.001011151	31	0
0.000	0.321	0.001010790	31	0
0.000	0.324	0.001010850	31	0
0.000	0.328	0.001010970	31	0
0.000	0.331	0.001011792	31	0
0.000	0.334	0.001011180	31	0
0.000	0.337	0.001010870	31	0
0.000	0.340	0.001010840	31	0
0.000	0.343	0.001010820	31	0
0.000	0.346	0.001011872	31	0
0.000	0.350	0.001011171	31	0
0.000	0.353	0.001010770	31	0
0.000	0.356	0.001010770	31	0
0.000	0.359	0.001010780	31	0
0.000	0.362	0.001011811	31	0
0.000	0.365	0.001011361	31	0
0.000	0.369	0.001010971	31	0
0.000	0.372	0.001010780	31	0
0.000	0.375	0.001010650	31	0
0.000	0.378	0.001010810	31	0
0.000	0.381	0.001011171	31	0
0.000	0.384	0.001011061	31	0
0.000	0.387	0.001011151	31	0
0.000	0.391	0.001010800	31	0
0.000	0.394	0.001011120	31	0
0.000	0.397	0.001011000	31	0
0.000	0.400	0.001011171	31	0
