Vendor ID: 0x1bb1
Device ID: 0x5026
Lane: 0
Time (%UI)	Voltage (V)	Duration (s)	Count	Pass
-50.000	0.000	0.001008866	31	0
-48.387	0.000	0.001008315	31	0
-46.774	0.000	0.001008506	31	0
-45.161	0.000	0.001008666	31	0
-43.548	0.000	0.001008475	31	0
-41.935	0.000	0.001008526	31	0
-40.323	0.000	0.001008345	31	0
-38.710	0.000	0.001008486	31	0
-37.097	0.000	0.001008586	31	0
-35.484	0.000	0.001008405	31	0
-33.871	0.000	0.001008346	31	0
-32.258	0.000	0.001008886	31	0
-30.645	0.000	0.001008536	31	0
-29.032	0.000	0.001008626	31	0
-27.419	0.000	0.001008295	31	0
-25.806	0.000	0.001008416	25	0
-24.194	0.000	0.001008335	27	0
-22.581	0.000	0.001008436	6	0
-20.968	0.000	0.001008486	8	0
-19.355	0.000	0.001008826	5	0
-17.742	0.000	1.002073307	10	0
-16.129	0.000	1.002080210	7	0
-14.516	0.000	1.002083787	5	0
-12.903	0.000	1.006189676	0	1
-11.290	0.000	1.006185527	0	1
-9.677	0.000	1.006186700	0	1
-8.065	0.000	1.006184495	0	1
-6.452	0.000	1.006184556	0	1
-4.839	0.000	1.006185597	0	1
-3.226	0.000	1.006181520	0	1
-1.613	0.000	1.006182932	0	1
1.613	0.000	1.006185868	0	1
3.226	0.000	1.006185367	0	1
4.839	0.000	1.006183273	0	1
6.452	0.000	1.006186489	0	1
8.065	0.000	1.006183484	0	1
9.677	0.000	1.006183103	0	1
11.290	0.000	1.006183985	0	1
12.903	0.000	1.006185778	0	1
14.516	0.000	1.006184014	0	1
16.129	0.000	1.006185688	0	1
17.742	0.000	1.006184696	0	1
19.355	0.000	1.006183764	0	1
20.968	0.000	1.006185777	0	1
22.581	0.000	1.006205595	0	1
24.194	0.000	1.006164467	0	1
25.806	0.000	1.006155551	3	1
27.419	0.000	1.002097172	5	0
29.032	0.000	1.002089698	6	0
30.645	0.000	1.002079198	13	0
32.258	0.000	1.002078757	9	0
33.871	0.000	0.001015298	6	0
35.484	0.000	0.001014096	7	0
37.097	0.000	0.001013685	6	0
38.710	0.000	0.001013425	16	0
40.323	0.000	0.001013415	31	0
41.935	0.000	0.001013405	31	0
43.548	0.000	0.001012984	31	0
45.161	0.000	0.001012493	31	0
46.774	0.000	0.001012403	31	0
48.387	0.000	0.001012524	31	0
50.000	0.000	0.001012424	31	0
0.000	-0.400	0.001012022	31	0
0.000	-0.397	0.001012192	31	0
0.000	-0.394	0.001011802	31	0
0.000	-0.391	0.001012022	31	0
0.000	-0.387	0.001011622	31	0
0.000	-0.384	0.001011621	31	0
0.000	-0.381	0.001011251	31	0
0.000	-0.378	0.001011782	31	0
0.000	-0.375	0.001011281	31	0
0.000	-0.372	0.001011251	31	0
0.000	-0.369	0.001011211	31	0
0.000	-0.365	0.001011301	31	0
0.000	-0.362	0.001011000	31	0
0.000	-0.359	0.001011602	31	0
0.000	-0.356	0.001011050	31	0
0.000	-0.353	0.001011942	31	0
0.000	-0.350	0.001010880	31	0
0.000	-0.346	0.001010990	31	0
0.000	-0.343	0.001010991	31	0
0.000	-0.340	0.001011010	31	0
0.000	-0.337	0.001010960	31	0
0.000	-0.334	0.001010810	31	0
0.000	-0.331	0.001010800	31	0
0.000	-0.328	0.001010850	31	0
0.000	-0.324	0.001010790	31	0
0.000	-0.321	0.001010780	31	0
0.000	-0.318	0.001010490	31	0
0.000	-0.315	0.001010680	31	0
0.000	-0.312	0.001010790	31	0
0.000	-0.309	0.001010820	31	0
0.000	-0.306	0.001010820	31	0
0.000	-0.302	0.001010680	31	0
0.000	-0.299	0.001011581	31	0
0.000	-0.296	0.001010880	31	0
0.000	-0.293	0.001010800	31	0
0.000	-0.290	0.001010629	31	0
0.000	-0.287	0.001010980	31	0
0.000	-0.283	0.001010610	31	0
0.000	-0.280	0.001010600	31	0
0.000	-0.277	0.001010660	31	0
0.000	-0.274	0.001010609	31	0
0.000	-0.271	0.001010880	31	0
0.000	-0.268	0.001010589	31	0
0.000	-0.265	0.001010589	31	0
0.000	-0.261	0.001010640	31	0
0.000	-0.258	0.001010590	31	0
0.000	-0.255	0.001010780	31	0
0.000	-0.252	0.001010399	31	0
0.000	-0.249	0.001010589	31	0
0.000	-0.246	0.001010660	31	0
0.000	-0.243	0.001010619	31	0
0.000	-0.239	0.001010800	31	0
0.000	-0.236	0.001010460	31	0
0.000	-0.233	0.001010880	31	0
0.000	-0.230	0.001010479	31	0
0.000	-0.227	0.001010580	31	0
0.000	-0.224	0.001010780	31	0
0.000	-0.220	0.001010450	31	0
0.000	-0.217	0.001010670	31	0
0.000	-0.214	0.001010510	26	0
0.000	-0.211	0.001010490	17	0
0.000	-0.208	0.001010429	13	0
0.000	-0.205	0.001010540	22	0
0.000	-0.202	0.001011190	8	0
0.000	-0.198	0.001010470	6	0
0.000	-0.195	0.001009458	15	0
0.000	-0.192	0.001011281	20	0
0.000	-0.189	0.001010650	7	0
0.000	-0.186	0.001011372	6	0
0.000	-0.183	0.001010580	6	0
0.000	-0.180	0.001010780	8	0
0.000	-0.176	0.001011030	6	0
0.000	-0.173	0.001010780	8	0
0.000	-0.170	0.001010790	5	0
0.000	-0.167	1.002078226	10	0
0.000	-0.164	1.002081844	6	0
0.000	-0.161	1.002080070	9	0
0.000	-0.157	1.002082684	8	0
0.000	-0.154	1.002081482	6	0
0.000	-0.151	1.002081823	6	0
0.000	-0.148	1.002082884	7	0
0.000	-0.145	1.002085179	5	0
0.000	-0.142	1.002082684	6	0
0.000	-0.139	1.006191368	0	1
0.000	-0.135	1.006195387	4	1
0.000	-0.132	1.006199905	0	1
0.000	-0.129	1.006191589	0	1
0.000	-0.126	1.006216126	0	1
0.000	-0.123	1.006186329	0	1
0.000	-0.120	1.006198752	0	1
0.000	-0.117	1.006185968	0	1
0.000	-0.113	1.006198171	0	1
0.000	-0.110	1.006187190	0	1
0.000	-0.107	1.006190738	0	1
0.000	-0.104	1.006188062	0	1
0.000	-0.101	1.006187181	0	1
0.000	-0.098	1.006189064	0	1
0.000	-0.094	1.006187822	0	1
0.000	-0.091	1.006188703	0	1
0.000	-0.088	1.006188934	0	1
0.000	-0.085	1.006189636	0	1
0.000	-0.082	1.006190577	0	1
0.000	-0.079	1.006187491	0	1
0.000	-0.076	1.006182772	0	1
0.000	-0.072	1.006186138	0	1
0.000	-0.069	1.006188955	0	1
0.000	-0.066	1.006187882	0	1
0.000	-0.063	1.006187931	0	1
0.000	-0.060	1.006183223	0	1
0.000	-0.057	1.006189054	0	1
0.000	-0.054	1.006186449	0	1
0.000	-0.050	1.006188964	0	1
0.000	-0.047	1.006186660	0	1
0.000	-0.044	1.006182021	0	1
0.000	-0.041	1.006185088	0	1
0.000	-0.038	1.006201158	0	1
0.000	-0.035	1.006179336	0	1
0.000	-0.031	1.006200877	0	1
0.000	-0.028	1.006179887	0	1
0.000	-0.025	1.006181500	0	1
0.000	-0.022	1.006184566	0	1
0.000	-0.019	1.006185858	0	1
0.000	-0.016	1.006156732	0	1
0.000	-0.013	1.006164427	0	1
0.000	-0.009	1.006182812	0	1
0.000	-0.006	1.006185488	0	1
0.000	-0.003	1.006183383	0	1
0.000	0.003	1.006184004	0	1
0.000	0.006	1.006186870	0	1
0.000	0.009	1.006183905	0	1
0.000	0.013	1.006184275	0	1
0.000	0.016	1.006187091	0	1
0.000	0.019	1.006183494	0	1
0.000	0.022	1.006186289	0	1
0.000	0.025	1.006187171	0	1
0.000	0.028	1.006185729	0	1
0.000	0.031	1.006187903	0	1
0.000	0.035	1.006186970	0	1
0.000	0.038	1.006151673	0	1
0.000	0.041	1.006180839	0	1
0.000	0.044	1.006189555	0	1
0.000	0.047	1.006185387	0	1
0.000	0.050	1.006185348	0	1
0.000	0.054	1.006184987	0	1
0.000	0.057	1.006150621	0	1
0.000	0.060	1.006185737	0	1
0.000	0.063	1.006194554	0	1
0.000	0.066	1.006199624	0	1
0.000	0.069	1.006184525	0	1
0.000	0.072	1.006186118	0	1
0.000	0.076	1.006190587	0	1
0.000	0.079	1.006182171	0	1
0.000	0.082	1.006192651	0	1
0.000	0.085	1.006194224	0	1
0.000	0.088	1.006189315	0	1
0.000	0.091	1.006189456	0	1
0.000	0.094	1.006162193	0	1
0.000	0.098	1.006187712	0	1
0.000	0.101	1.006178553	0	1
0.000	0.104	1.006186910	0	1
0.000	0.107	1.006189525	0	1
0.000	0.110	1.006152394	0	1
0.000	0.113	1.006184285	0	1
0.000	0.117	1.006188914	0	1
0.000	0.120	1.006190707	0	1
0.000	0.123	1.006187100	0	1
0.000	0.126	1.006158356	0	1
0.000	0.129	1.006185618	3	1
0.000	0.132	1.002081381	5	0
0.000	0.135	1.002086542	9	0
0.000	0.139	1.002082533	6	0
0.000	0.142	1.002080341	5	0
0.000	0.145	1.002080290	6	0
0.000	0.148	1.002084508	6	0
0.000	0.151	1.002083356	7	0
0.000	0.154	1.002081542	5	0
0.000	0.157	1.002082193	6	0
0.000	0.161	1.002081934	7	0
0.000	0.164	1.002081753	11	0
0.000	0.167	0.001015329	8	0
0.000	0.170	0.001014918	7	0
0.000	0.173	0.001014477	6	0
0.000	0.176	0.001016170	7	0
0.000	0.180	0.001013896	10	0
0.000	0.183	0.001013415	15	0
0.000	0.186	0.001013195	12	0
0.000	0.189	0.001013385	18	0
0.000	0.192	0.001012783	26	0
0.000	0.195	0.001012634	6	0
0.000	0.198	0.001012564	13	0
0.000	0.202	0.001012563	12	0
0.000	0.205	0.001012203	22	0
0.000	0.208	0.001012463	0	0
0.000	0.211	0.001012022	31	0
0.000	0.214	0.001012002	31	0
0.000	0.217	0.001012003	31	0
0.000	0.220	0.001012093	31	0
0.000	0.224	0.001011622	31	0
0.000	0.227	0.001011612	31	0
0.000	0.230	0.001011571	31	0
0.000	0.233	0.001012453	31	0
0.000	0.236	0.001011852	31	0
0.000	0.239	0.001011402	31	0
0.000	0.243	0.001011461	31	0
0.000	0.246	0.001011381	31	0
0.000	0.249	0.001012373	31	0
0.000	0.252	0.001011371	31	0
0.000	0.255	0.001011672	31	0
0.000	0.258	0.001011260	31	0
0.000	0.261	0.001011201	31	0
0.000	0.265	0.001012463	31	0
0.000	0.268	0.001011421	31	0
0.000	0.271	0.001011191	31	0
0.000	0.274	0.001011642	31	0
0.000	0.277	0.001011050	31	0
0.000	0.280	0.001011862	31	0
0.000	0.283	0.001011241	31	0
0.000	0.287	0.001011201	31	0
0.000	0.290	0.001011031	31	0
0.000	0.293	0.001010970	31	0
0.000	0.296	0.001010770	31	0
0.000	0.299	0.001011191	31	0
0.000	0.302	0.001011401	31	0
0.000	0.306	0.001010970	31	0
0.000	0.309	0.001010930	31	0
0.000	0.312	0.001010800	31	0
0.000	0.315	0.001011210	31	0
0.000	0.318	0.001011191	31	0
0.000	0.321	0.001010800	31	0
0.000	0.324	0.001010830	31	0
0.000	0.328	0.001010820	31	0
0.000	0.331	0.001011201	31	0
0.000	0.334	0.001011171	31	0
0.000	0.337	0.001010800	31	0
0.000	0.340	0.001010780	31	0
0.000	0.343	0.001010800	31	0
0.000	0.346	0.001010730	31	0
0.000	0.350	0.001010799	31	0
0.000	0.353	0.001010750	31	0
0.000	0.356	0.001010770	31	0
0.000	0.359	0.001010790	31	0
0.000	0.362	0.001010990	31	0
0.000	0.365	0.001011160	31	0
0.000	0.369	0.001010780	31	0
0.000	0.372	0.001010800	31	0
0.000	0.375	0.001010640	31	0
0.000	0.378	0.001011051	31	0
0.000	0.381	0.001011180	31	0
0.000	0.384	0.001010780	31	0
0.000	0.387	0.001010750	31	0
0.000	0.391	0.001010770	31	0
0.000	0.394	0.001011201	31	0
0.000	0.397	0.001010830	31	0
0.000	0.400	0.001011160	31	0
