Vendor ID: 0x1344
Device ID: 0x51bb
Lane: 1
Time (%UI)	Voltage (V)	Duration (s)	Count	Pass
-40.000	0.000	1.008087591	0	1
-37.500	0.000	1.006068295	0	1
-35.000	0.000	1.008086999	0	1
-32.500	0.000	1.008086688	0	1
-30.000	0.000	0.001009087	31	0
-27.500	0.000	0.001008846	24	0
-25.000	0.000	0.003023993	12	0
-22.500	0.000	0.003025186	6	0
-20.000	0.000	1.002030656	5	0
-17.500	0.000	1.008091036	0	1
-15.000	0.000	1.008091237	0	1
-12.500	0.000	1.008088151	0	1
-10.000	0.000	1.008088012	0	1
-7.500	0.000	1.008087961	0	1
-5.000	0.000	1.008086278	0	1
-2.500	0.000	1.006069577	0	1
2.500	0.000	1.006070308	0	1
5.000	0.000	1.008087530	0	1
7.500	0.000	1.008080667	0	1
10.000	0.000	1.006068956	0	1
12.500	0.000	1.008084153	0	1
15.000	0.000	1.008087199	0	1
17.500	0.000	1.008083403	0	1
20.000	0.000	1.004041194	5	0
22.500	0.000	1.004039432	5	0
25.000	0.000	1.002027360	6	0
27.500	0.000	0.003026779	5	0
30.000	0.000	0.001008736	7	0
32.500	0.000	0.003024204	9	0
35.000	0.000	0.001008305	31	0
37.500	0.000	1.008080115	0	1
40.000	0.000	1.006067304	0	1
0.000	-0.100	0.003025066	10	0
0.000	-0.098	0.003023252	6	0
0.000	-0.097	0.003022951	7	0
0.000	-0.095	0.003022511	5	0
0.000	-0.094	0.001007875	7	0
0.000	-0.092	0.003022181	5	0
0.000	-0.091	0.001007703	5	0
0.000	-0.089	0.003021930	5	0
0.000	-0.088	0.001007584	5	0
0.000	-0.086	0.003021249	5	0
0.000	-0.084	0.003020848	5	0
0.000	-0.083	0.003020978	5	0
0.000	-0.081	0.003020928	5	0
0.000	-0.080	1.004043419	5	0
0.000	-0.078	1.004046605	5	0
0.000	-0.077	1.002026978	5	0
0.000	-0.075	1.004042037	5	0
0.000	-0.073	1.002026548	5	0
0.000	-0.072	1.004044961	5	0
0.000	-0.070	1.004044040	5	0
0.000	-0.069	1.008086038	4	1
0.000	-0.067	1.008083653	1	1
0.000	-0.066	1.006067364	0	1
0.000	-0.064	1.008082190	0	1
0.000	-0.062	1.008083943	0	1
0.000	-0.061	1.008090366	0	1
0.000	-0.059	1.008087461	0	1
0.000	-0.058	1.008090315	0	1
0.000	-0.056	1.008081048	0	1
0.000	-0.055	1.008084935	0	1
0.000	-0.053	1.008085086	0	1
0.000	-0.052	1.006068725	0	1
0.000	-0.050	1.008085737	0	1
0.000	-0.048	1.006068556	0	1
0.000	-0.047	1.008090816	0	1
0.000	-0.045	1.008085186	0	1
0.000	-0.044	1.008084795	0	1
0.000	-0.042	1.008084014	0	1
0.000	-0.041	1.008083703	0	1
0.000	-0.039	1.008083813	0	1
0.000	-0.038	1.008085747	0	1
0.000	-0.036	1.008084355	0	1
0.000	-0.034	1.008085066	0	1
0.000	-0.033	1.008083933	0	1
0.000	-0.031	1.008083423	0	1
0.000	-0.030	1.008085066	0	1
0.000	-0.028	1.006068746	0	1
0.000	-0.027	1.006069878	0	1
0.000	-0.025	1.008084154	0	1
0.000	-0.023	1.006068505	0	1
0.000	-0.022	1.006067393	0	1
0.000	-0.020	1.006068034	0	1
0.000	-0.019	1.008084363	0	1
0.000	-0.017	1.008083984	0	1
0.000	-0.016	1.008084485	0	1
0.000	-0.014	1.008083433	0	1
0.000	-0.013	1.006066953	0	1
0.000	-0.011	1.006067123	0	1
0.000	-0.009	1.008085056	0	1
0.000	-0.008	1.008084645	0	1
0.000	-0.006	1.006067704	0	1
0.000	-0.005	1.008083624	0	1
0.000	-0.003	1.008083533	0	1
0.000	-0.002	1.006068325	0	1
0.000	0.002	1.008084674	0	1
0.000	0.003	1.008084765	0	1
0.000	0.005	1.008083332	0	1
0.000	0.006	1.008083753	0	1
0.000	0.008	1.008084525	0	1
0.000	0.009	1.008083543	0	1
0.000	0.011	1.008083774	0	1
0.000	0.013	1.008083834	0	1
0.000	0.014	1.006066492	0	1
0.000	0.016	1.006067013	0	1
0.000	0.017	1.006067252	0	1
0.000	0.019	1.008082100	0	1
0.000	0.020	1.008082821	0	1
0.000	0.022	1.008087049	0	1
0.000	0.023	1.008085255	0	1
0.000	0.025	1.008088421	0	1
0.000	0.027	1.008085076	0	1
0.000	0.028	1.008084645	0	1
0.000	0.030	1.008087670	0	1
0.000	0.031	1.008088042	0	1
0.000	0.033	1.006068786	0	1
0.000	0.034	1.006068906	0	1
0.000	0.036	1.006068005	0	1
0.000	0.038	1.008087150	0	1
0.000	0.039	1.006069608	0	1
0.000	0.041	1.008084826	0	1
0.000	0.042	1.006072162	0	1
0.000	0.044	1.008088352	0	1
0.000	0.045	1.008070247	0	1
0.000	0.047	1.008079235	0	1
0.000	0.048	1.008086027	0	1
0.000	0.050	1.008086568	0	1
0.000	0.052	1.006068125	0	1
0.000	0.053	1.008076489	0	1
0.000	0.055	1.008082291	0	1
0.000	0.056	1.008087000	0	1
0.000	0.058	1.006067905	0	1
0.000	0.059	1.006067965	0	1
0.000	0.061	1.006068726	0	1
0.000	0.062	1.006065930	0	1
0.000	0.064	1.008084425	2	1
0.000	0.066	1.008083353	2	1
0.000	0.067	1.008083913	3	1
0.000	0.069	1.004043980	5	0
0.000	0.070	1.004041004	5	0
0.000	0.072	1.002026218	5	0
0.000	0.073	1.004042478	5	0
0.000	0.075	1.004042106	5	0
0.000	0.077	1.002027339	5	0
0.000	0.078	1.004043970	5	0
0.000	0.080	1.004046474	5	0
0.000	0.081	0.003025486	5	0
0.000	0.083	0.003025357	5	0
0.000	0.084	0.003024284	5	0
0.000	0.086	0.001008275	5	0
0.000	0.088	0.003025207	5	0
0.000	0.089	0.003024034	5	0
0.000	0.091	0.003023433	5	0
0.000	0.092	0.003023353	6	0
0.000	0.094	0.003021669	5	0
0.000	0.095	0.003021248	5	0
0.000	0.097	0.001007574	5	0
0.000	0.098	0.003020857	11	0
0.000	0.100	0.003020808	8	0
