Vendor ID: 0x1022
Device ID: 0x153e
Lane: 0
Time (%UI)	Voltage (V)	Duration (s)	Count	Pass
-25.000	0.000	1.002076502	5	0
-23.438	0.000	1.002081952	5	0
-21.875	0.000	1.006184566	0	1
-20.312	0.000	1.006180558	1	1
-18.750	0.000	1.006201838	0	1
-17.188	0.000	1.006164728	0	1
-15.625	0.000	1.006188864	0	1
-14.062	0.000	1.006183142	0	1
-12.500	0.000	1.006118240	0	1
-10.938	0.000	1.006174026	0	1
-9.375	0.000	1.006177813	0	1
-7.812	0.000	1.006177713	0	1
-6.250	0.000	1.006181560	0	1
-4.688	0.000	1.006154970	0	1
-3.125	0.000	1.006171701	0	1
-1.562	0.000	1.006177071	0	1
1.562	0.000	1.006178164	0	1
3.125	0.000	1.006177733	0	1
4.688	0.000	1.006151843	0	1
6.250	0.000	1.006176821	0	1
7.812	0.000	1.006205836	0	1
9.375	0.000	1.006184195	0	1
10.938	0.000	1.006186780	0	1
12.500	0.000	1.006175489	0	1
14.062	0.000	1.006182322	0	1
15.625	0.000	1.006186189	0	1
17.188	0.000	1.006184255	1	1
18.750	0.000	1.002081833	5	0
20.312	0.000	1.002082304	5	0
21.875	0.000	1.002084458	5	0
23.438	0.000	1.002082574	5	0
25.000	0.000	1.002083686	5	0
0.000	-0.130	1.002084668	5	0
0.000	-0.126	1.002084658	5	0
0.000	-0.121	1.002079438	5	0
0.000	-0.117	1.002079077	5	0
0.000	-0.112	1.002079629	5	0
0.000	-0.108	1.002090179	5	0
0.000	-0.103	1.002083507	5	0
0.000	-0.099	1.006173694	2	1
0.000	-0.094	1.006179116	1	1
0.000	-0.090	1.006172513	0	1
0.000	-0.085	1.006173165	0	1
0.000	-0.081	1.006182943	0	1
0.000	-0.076	1.006185518	0	1
0.000	-0.072	1.006184505	0	1
0.000	-0.067	1.006184105	0	1
0.000	-0.063	1.006188253	0	1
0.000	-0.058	1.006186470	0	1
0.000	-0.054	1.006187150	0	1
0.000	-0.049	1.006188393	0	1
0.000	-0.045	1.006195145	0	1
0.000	-0.040	1.006188092	0	1
0.000	-0.036	1.006180758	0	1
0.000	-0.031	1.006185216	0	1
0.000	-0.027	1.006186309	0	1
0.000	-0.022	1.006185086	0	1
0.000	-0.018	1.006188303	0	1
0.000	-0.013	1.006187180	0	1
0.000	-0.009	1.006187170	0	1
0.000	-0.004	1.006186630	0	1
0.000	0.004	1.006184596	0	1
0.000	0.009	1.006187352	0	1
0.000	0.013	1.006184736	0	1
0.000	0.018	1.006186860	0	1
0.000	0.022	1.006186719	0	1
0.000	0.027	1.006188764	0	1
0.000	0.031	1.006193694	0	1
0.000	0.036	1.006188133	0	1
0.000	0.040	1.006189916	0	1
0.000	0.045	1.006186078	0	1
0.000	0.049	1.006186721	0	1
0.000	0.054	1.006188483	0	1
0.000	0.058	1.006185847	0	1
0.000	0.063	1.006184185	0	1
0.000	0.067	1.006188222	0	1
0.000	0.072	1.006185628	0	1
0.000	0.076	1.006183353	0	1
0.000	0.081	1.006186380	0	1
0.000	0.085	1.006184375	0	1
0.000	0.090	1.006176470	0	1
0.000	0.094	1.006186109	0	1
0.000	0.099	1.006185097	1	1
0.000	0.103	1.006179987	2	1
0.000	0.108	1.002079819	5	0
0.000	0.112	1.002082584	5	0
0.000	0.117	1.002083046	5	0
0.000	0.121	1.002083897	5	0
0.000	0.126	1.002086522	5	0
0.000	0.130	1.002081001	5	0
