Vendor ID: 0x1b96
Device ID: 0x2751
Lane: 3
Time (%UI)	Voltage (V)	Duration (s)	Count	Pass
-40.000	0.000	0.003031879	15	0
-37.143	0.000	0.003030146	8	0
-34.286	0.000	0.003029965	7	0
-31.429	0.000	0.003029986	5	0
-28.571	0.000	1.004115666	5	0
-25.714	0.000	1.008228399	0	1
-22.857	0.000	1.006201318	0	1
-20.000	0.000	1.008224871	0	1
-17.143	0.000	1.008213249	0	1
-14.286	0.000	1.008198341	0	1
-11.429	0.000	1.008197580	0	1
-8.571	0.000	1.008203701	0	1
-5.714	0.000	1.008207678	0	1
-2.857	0.000	1.008200866	0	1
2.857	0.000	1.008216105	0	1
5.714	0.000	1.008208299	0	1
8.571	0.000	1.008257403	0	1
11.429	0.000	1.008211055	0	1
14.286	0.000	1.008207307	0	1
17.143	0.000	1.008212428	0	1
20.000	0.000	1.004107941	5	0
22.857	0.000	1.004107430	5	0
25.714	0.000	0.003043541	5	0
28.571	0.000	0.003039403	7	0
31.429	0.000	0.003039293	31	0
34.286	0.000	0.003037420	31	0
37.143	0.000	1.008192861	0	1
40.000	0.000	1.008186839	0	1
0.000	-0.120	0.003034774	14	0
0.000	-0.118	0.001012002	9	0
0.000	-0.116	0.003034023	14	0
0.000	-0.114	0.003032871	7	0
0.000	-0.112	0.003033032	10	0
0.000	-0.111	0.003032310	5	0
0.000	-0.109	0.003032520	5	0
0.000	-0.107	0.003031909	5	0
0.000	-0.105	0.003031629	5	0
0.000	-0.103	1.002076002	5	0
0.000	-0.101	1.002081162	5	0
0.000	-0.099	1.002081301	5	0
0.000	-0.098	0.003042269	5	0
0.000	-0.096	1.002081663	5	0
0.000	-0.094	1.004109936	5	0
0.000	-0.092	1.004108343	5	0
0.000	-0.090	1.004107381	5	0
0.000	-0.088	1.004109524	5	0
0.000	-0.086	1.004111708	5	0
0.000	-0.084	1.004110647	5	0
0.000	-0.082	1.008209953	1	1
0.000	-0.081	1.008207608	2	1
0.000	-0.079	1.008209051	1	1
0.000	-0.077	1.008210323	0	1
0.000	-0.075	1.008209492	0	1
0.000	-0.073	1.008208650	0	1
0.000	-0.071	1.006192310	0	1
0.000	-0.069	1.008208900	0	1
0.000	-0.068	1.006180999	0	1
0.000	-0.066	1.008208650	0	1
0.000	-0.064	1.008207037	0	1
0.000	-0.062	1.008207589	0	1
0.000	-0.060	1.008208410	0	1
0.000	-0.058	1.008210234	0	1
0.000	-0.056	1.008192720	0	1
0.000	-0.054	1.008193732	0	1
0.000	-0.052	1.008202418	0	1
0.000	-0.051	1.008212428	0	1
0.000	-0.049	1.008212939	0	1
0.000	-0.047	1.008208250	0	1
0.000	-0.045	1.008210143	0	1
0.000	-0.043	1.008210524	0	1
0.000	-0.041	1.008203611	0	1
0.000	-0.039	1.008207318	0	1
0.000	-0.037	1.008209712	0	1
0.000	-0.036	1.008214141	0	1
0.000	-0.034	1.008206927	0	1
0.000	-0.032	1.008210094	0	1
0.000	-0.030	1.008206566	0	1
0.000	-0.028	1.008207979	0	1
0.000	-0.026	1.006181900	0	1
0.000	-0.024	1.008207648	0	1
0.000	-0.022	1.008207649	0	1
0.000	-0.021	1.008211235	0	1
0.000	-0.019	1.008204672	0	1
0.000	-0.017	1.008207378	0	1
0.000	-0.015	1.008209743	0	1
0.000	-0.013	1.008209653	0	1
0.000	-0.011	1.008209192	0	1
0.000	-0.009	1.008209382	0	1
0.000	-0.007	1.008204022	0	1
0.000	-0.006	1.008207449	0	1
0.000	-0.004	1.008207609	0	1
0.000	-0.002	1.008177832	0	1
0.000	0.002	1.008212237	0	1
0.000	0.004	1.008225832	0	1
0.000	0.006	1.008210925	0	1
0.000	0.007	1.008210203	0	1
0.000	0.009	1.006187201	0	1
0.000	0.011	1.008213329	0	1
0.000	0.013	1.008199453	0	1
0.000	0.015	1.008210423	0	1
0.000	0.017	1.008216485	0	1
0.000	0.019	1.008177701	0	1
0.000	0.021	1.008206286	0	1
0.000	0.022	1.008214521	0	1
0.000	0.024	1.008217357	0	1
0.000	0.026	1.008215964	0	1
0.000	0.028	1.008202598	0	1
0.000	0.030	1.008209762	0	1
0.000	0.032	1.006184035	0	1
0.000	0.034	1.008214112	0	1
0.000	0.036	1.006184977	0	1
0.000	0.037	1.008206667	0	1
0.000	0.039	1.008206376	0	1
0.000	0.041	1.008212427	0	1
0.000	0.043	1.008213339	0	1
0.000	0.045	1.008214861	0	1
0.000	0.047	1.008204253	0	1
0.000	0.049	1.008214521	0	1
0.000	0.051	1.008216145	0	1
0.000	0.052	1.008216416	0	1
0.000	0.054	1.008216185	0	1
0.000	0.056	1.008212017	0	1
0.000	0.058	1.008219922	0	1
0.000	0.060	1.008217978	0	1
0.000	0.062	1.006187371	0	1
0.000	0.064	1.008212929	0	1
0.000	0.066	1.008212868	0	1
0.000	0.068	1.008214712	0	1
0.000	0.069	1.008212848	0	1
0.000	0.071	1.008214001	0	1
0.000	0.073	1.008214652	0	1
0.000	0.075	1.008213940	0	1
0.000	0.077	1.008211095	0	1
0.000	0.079	1.008215493	0	1
0.000	0.081	1.008221615	2	1
0.000	0.082	1.008154858	0	1
0.000	0.084	1.004107491	5	0
0.000	0.086	1.002081452	5	0
0.000	0.088	1.004110376	5	0
0.000	0.090	1.004111909	5	0
0.000	0.092	1.004107381	5	0
0.000	0.094	1.002082443	5	0
0.000	0.096	0.003040545	5	0
0.000	0.098	0.003039874	5	0
0.000	0.099	1.002082855	5	0
0.000	0.101	0.003040475	5	0
0.000	0.103	0.003040025	5	0
0.000	0.105	0.003037409	6	0
0.000	0.107	0.003036277	5	0
0.000	0.109	0.003035575	7	0
0.000	0.111	0.003034915	5	0
0.000	0.112	0.003033673	5	0
0.000	0.114	0.003033733	5	0
0.000	0.116	0.003034022	10	0
0.000	0.118	0.003032950	10	0
0.000	0.120	0.003032159	15	0
