Vendor ID: 0x1022
Device ID: 0x153e
Lane: 3
Time (%UI)	Voltage (V)	Duration (s)	Count	Pass
-25.000	0.000	1.006185047	4	1
-23.438	0.000	1.006178254	3	1
-21.875	0.000	1.006180237	0	1
-20.312	0.000	1.006180808	0	1
-18.750	0.000	1.006180688	0	1
-17.188	0.000	1.006177763	0	1
-15.625	0.000	1.006179456	0	1
-14.062	0.000	1.006177472	0	1
-12.500	0.000	1.006175849	0	1
-10.938	0.000	1.006178965	0	1
-9.375	0.000	1.006180628	0	1
-7.812	0.000	1.006179035	0	1
-6.250	0.000	1.006158466	0	1
-4.688	0.000	1.006176530	0	1
-3.125	0.000	1.006179075	0	1
-1.562	0.000	1.006179677	0	1
1.562	0.000	1.006180388	0	1
3.125	0.000	1.006179006	0	1
4.688	0.000	1.006177562	0	1
6.250	0.000	1.006177692	0	1
7.812	0.000	1.006179966	0	1
9.375	0.000	1.006179728	0	1
10.938	0.000	1.006172122	0	1
12.500	0.000	1.006177502	0	1
14.062	0.000	1.006178684	0	1
15.625	0.000	1.006113020	2	1
17.188	0.000	1.002075340	5	0
18.750	0.000	1.002079218	5	0
20.312	0.000	1.002079999	5	0
21.875	0.000	1.002079618	5	0
23.438	0.000	1.002082744	5	0
25.000	0.000	1.002076001	5	0
0.000	-0.130	1.002077674	5	0
0.000	-0.126	1.002079518	5	0
0.000	-0.121	1.002082744	5	0
0.000	-0.117	1.002072786	5	0
0.000	-0.112	1.002076223	5	0
0.000	-0.108	1.002080360	5	0
0.000	-0.103	1.006192030	4	1
0.000	-0.099	1.006182883	1	1
0.000	-0.094	1.006153687	0	1
0.000	-0.090	1.006174887	0	1
0.000	-0.085	1.006176280	0	1
0.000	-0.081	1.006176450	0	1
0.000	-0.076	1.006177703	0	1
0.000	-0.072	1.006159378	0	1
0.000	-0.067	1.006176349	0	1
0.000	-0.063	1.006177132	0	1
0.000	-0.058	1.006179616	0	1
0.000	-0.054	1.006177171	0	1
0.000	-0.049	1.006171520	0	1
0.000	-0.045	1.006178183	0	1
0.000	-0.040	1.006183424	0	1
0.000	-0.036	1.006180448	0	1
0.000	-0.031	1.006178104	0	1
0.000	-0.027	1.006148546	0	1
0.000	-0.022	1.006175608	0	1
0.000	-0.018	1.006178585	0	1
0.000	-0.013	1.006184216	0	1
0.000	-0.009	1.006181019	0	1
0.000	-0.004	1.006174938	0	1
0.000	0.004	1.006183444	0	1
0.000	0.009	1.006182111	0	1
0.000	0.013	1.006181881	0	1
0.000	0.018	1.006181751	0	1
0.000	0.022	1.006181600	0	1
0.000	0.027	1.006181910	0	1
0.000	0.031	1.006178975	0	1
0.000	0.036	1.006184185	0	1
0.000	0.040	1.006188282	0	1
0.000	0.045	1.006173365	0	1
0.000	0.049	1.006181681	0	1
0.000	0.054	1.006183163	0	1
0.000	0.058	1.006182272	0	1
0.000	0.063	1.006186520	0	1
0.000	0.067	1.006185468	0	1
0.000	0.072	1.006183173	0	1
0.000	0.076	1.006183434	0	1
0.000	0.081	1.006184425	0	1
0.000	0.085	1.006180238	0	1
0.000	0.090	1.006179235	0	1
0.000	0.094	1.006178775	0	1
0.000	0.099	1.006177262	3	1
0.000	0.103	1.002080301	5	0
0.000	0.108	1.002082564	5	0
0.000	0.112	1.002079719	5	0
0.000	0.117	1.002079669	5	0
0.000	0.121	1.002083186	5	0
0.000	0.126	1.002082273	5	0
0.000	0.130	1.002081952	5	0
