Vendor ID: 0x1e0f
Device ID: 0x2b
Lane: 3
Time (%UI)	Voltage (V)	Duration (s)	Count	Pass
-50.000	0.000	0.003034815	31	0
-48.438	0.000	0.003033161	31	0
-46.875	0.000	0.003033352	31	0
-45.312	0.000	0.003032600	31	0
-43.750	0.000	0.003032380	31	0
-42.188	0.000	0.003032520	31	0
-40.625	0.000	0.003032590	31	0
-39.062	0.000	0.003031759	29	0
-37.500	0.000	0.003031368	31	0
-35.938	0.000	0.003031328	7	0
-34.375	0.000	0.003030958	10	0
-32.812	0.000	0.003031348	6	0
-31.250	0.000	0.003030726	5	0
-29.688	0.000	0.003030957	5	0
-28.125	0.000	1.004098423	5	0
-26.562	0.000	1.004113182	5	0
-25.000	0.000	1.004104564	5	0
-23.438	0.000	1.008180636	2	1
-21.875	0.000	1.008179524	0	1
-20.312	0.000	1.008170088	0	1
-18.750	0.000	1.008212859	0	1
-17.188	0.000	1.008229851	0	1
-15.625	0.000	1.008224881	0	1
-14.062	0.000	1.008202509	0	1
-12.500	0.000	1.008203450	0	1
-10.938	0.000	1.008202920	0	1
-9.375	0.000	1.008200606	0	1
-7.812	0.000	1.008206697	0	1
-6.250	0.000	1.008210213	0	1
-4.688	0.000	1.008205945	0	1
-3.125	0.000	1.008211095	0	1
-1.562	0.000	1.008207648	0	1
1.562	0.000	1.008202818	0	1
3.125	0.000	1.008211466	0	1
4.688	0.000	1.008210875	0	1
6.250	0.000	1.008211295	0	1
7.812	0.000	1.008204763	0	1
9.375	0.000	1.008209973	0	1
10.938	0.000	1.008214592	0	1
12.500	0.000	1.008208952	0	1
14.062	0.000	1.008209411	0	1
15.625	0.000	1.004104054	5	0
17.188	0.000	1.004109073	5	0
18.750	0.000	1.004108813	5	0
20.312	0.000	0.003041006	5	0
21.875	0.000	0.003037940	5	0
23.438	0.000	0.003037981	5	0
25.000	0.000	0.003035816	5	0
26.562	0.000	0.003035236	11	0
28.125	0.000	0.003034123	7	0
29.688	0.000	0.003033873	31	0
31.250	0.000	0.003033472	31	0
32.812	0.000	0.003032621	31	0
34.375	0.000	0.003032620	31	0
35.938	0.000	0.003031989	31	0
37.500	0.000	0.003031629	31	0
39.062	0.000	0.003032039	31	0
40.625	0.000	0.003031167	31	0
42.188	0.000	0.003030937	31	0
43.750	0.000	0.003031839	31	0
45.312	0.000	0.003030176	31	0
46.875	0.000	0.003030407	31	0
48.438	0.000	0.003030256	31	0
50.000	0.000	0.003030246	31	0
0.000	-0.440	0.003030576	9	0
0.000	-0.433	0.003029935	23	0
0.000	-0.426	0.003029965	30	0
0.000	-0.419	0.003031839	21	0
0.000	-0.412	0.003029845	24	0
0.000	-0.406	0.003030296	15	0
0.000	-0.399	0.003029475	13	0
0.000	-0.392	0.003029334	10	0
0.000	-0.385	0.003029625	5	0
0.000	-0.378	0.003029585	5	0
0.000	-0.371	0.003028081	11	0
0.000	-0.364	0.003028723	16	0
0.000	-0.357	0.003029013	8	0
0.000	-0.351	0.003028983	6	0
0.000	-0.344	0.003031368	6	0
0.000	-0.337	0.003032070	10	0
0.000	-0.330	0.003029875	5	0
0.000	-0.323	0.003028973	5	0
0.000	-0.316	0.003037610	6	0
0.000	-0.309	0.003027511	6	0
0.000	-0.302	0.003027762	5	0
0.000	-0.296	0.003028402	5	0
0.000	-0.289	0.003027401	5	0
0.000	-0.282	0.003027631	5	0
0.000	-0.275	0.003027400	5	0
0.000	-0.268	0.003027530	5	0
0.000	-0.261	0.003027471	5	0
0.000	-0.254	0.003027180	5	0
0.000	-0.247	0.003028302	5	0
0.000	-0.241	0.003026820	5	0
0.000	-0.234	1.004081461	5	0
0.000	-0.227	0.003032199	5	0
0.000	-0.220	0.003030196	5	0
0.000	-0.213	1.004093855	5	0
0.000	-0.206	0.003038863	5	0
0.000	-0.199	1.004100948	5	0
0.000	-0.193	1.004057084	5	0
0.000	-0.186	1.004108372	5	0
0.000	-0.179	1.004127319	5	0
0.000	-0.172	1.004122809	5	0
0.000	-0.165	1.004125034	5	0
0.000	-0.158	1.004114464	5	0
0.000	-0.151	1.004108903	5	0
0.000	-0.144	1.004106800	5	0
0.000	-0.138	1.004102150	5	0
0.000	-0.131	1.004107240	5	0
0.000	-0.124	1.004105226	5	0
0.000	-0.117	1.004106639	5	0
0.000	-0.110	1.004108202	5	0
0.000	-0.103	1.004105116	5	0
0.000	-0.096	1.004158327	5	0
0.000	-0.089	1.004109003	5	0
0.000	-0.083	1.008204772	3	1
0.000	-0.076	1.004107200	5	0
0.000	-0.069	1.004110155	5	0
0.000	-0.062	1.008207538	4	1
0.000	-0.055	1.008208742	3	1
0.000	-0.048	1.008206056	1	1
0.000	-0.041	1.004107029	5	0
0.000	-0.034	1.008202709	0	1
0.000	-0.028	1.008200305	3	1
0.000	-0.021	1.008205504	0	1
0.000	-0.014	1.008204662	0	1
0.000	-0.007	1.008204722	2	1
0.000	0.007	1.008206376	0	1
0.000	0.014	1.008207147	4	1
0.000	0.021	1.008202599	0	1
0.000	0.028	1.004107240	5	0
0.000	0.034	1.004109314	5	0
0.000	0.041	1.008206246	2	1
0.000	0.048	1.004108322	5	0
0.000	0.055	1.008209082	1	1
0.000	0.062	1.008202088	0	1
0.000	0.069	1.008203360	2	1
0.000	0.076	1.008208259	1	1
0.000	0.083	1.008211736	4	1
0.000	0.089	1.004107440	5	0
0.000	0.096	1.004106208	5	0
0.000	0.103	1.004107751	5	0
0.000	0.110	1.004104935	5	0
0.000	0.117	1.004105598	5	0
0.000	0.124	1.004105597	5	0
0.000	0.131	1.004106679	5	0
0.000	0.138	1.004105807	5	0
0.000	0.144	1.004105186	5	0
0.000	0.151	1.004102772	5	0
0.000	0.158	1.004106229	5	0
0.000	0.165	1.004105547	5	0
0.000	0.172	1.004110226	5	0
0.000	0.179	1.004108413	5	0
0.000	0.186	0.003039513	5	0
0.000	0.193	0.003039053	5	0
0.000	0.199	0.003036447	5	0
0.000	0.206	1.004107650	5	0
0.000	0.213	1.004113342	5	0
0.000	0.220	0.003039654	5	0
0.000	0.227	0.003037800	5	0
0.000	0.234	0.003036287	5	0
0.000	0.241	1.004102050	5	0
0.000	0.247	0.003039513	5	0
0.000	0.254	0.003044913	6	0
0.000	0.261	0.003036328	5	0
0.000	0.268	0.003035405	6	0
0.000	0.275	0.003034464	6	0
0.000	0.282	0.003034243	6	0
0.000	0.289	0.003033272	5	0
0.000	0.296	0.003032409	7	0
0.000	0.302	0.003033612	7	0
0.000	0.309	0.003032049	5	0
0.000	0.316	0.003031078	8	0
0.000	0.323	0.003030697	5	0
0.000	0.330	0.003030886	5	0
0.000	0.337	0.003030526	5	0
0.000	0.344	0.003031648	12	0
0.000	0.351	0.003030075	12	0
0.000	0.357	0.003029394	20	0
0.000	0.364	0.003029765	5	0
0.000	0.371	0.003030947	5	0
0.000	0.378	0.003029735	5	0
0.000	0.385	0.003029294	26	0
0.000	0.392	0.003030136	16	0
0.000	0.399	0.003029655	26	0
0.000	0.406	0.003029224	10	0
0.000	0.412	0.003028994	14	0
0.000	0.419	0.003032590	5	0
0.000	0.426	0.003033592	28	0
0.000	0.433	0.003028733	19	0
0.000	0.440	0.003032430	22	0
