Vendor ID: 0x1022
Device ID: 0x153e
Lane: 1
Time (%UI)	Voltage (V)	Duration (s)	Count	Pass
-25.000	0.000	1.006176381	1	1
-23.438	0.000	1.006138538	0	1
-21.875	0.000	1.006170989	0	1
-20.312	0.000	1.006175198	0	1
-18.750	0.000	1.006174547	0	1
-17.188	0.000	1.006174397	0	1
-15.625	0.000	1.006176491	0	1
-14.062	0.000	1.006174728	0	1
-12.500	0.000	1.006179176	0	1
-10.938	0.000	1.006176280	0	1
-9.375	0.000	1.006172363	0	1
-7.812	0.000	1.006176610	0	1
-6.250	0.000	1.006173103	0	1
-4.688	0.000	1.006174166	0	1
-3.125	0.000	1.006176901	0	1
-1.562	0.000	1.006173004	0	1
1.562	0.000	1.006173054	0	1
3.125	0.000	1.006174698	0	1
4.688	0.000	1.006174026	0	1
6.250	0.000	1.006174717	0	1
7.812	0.000	1.006172744	0	1
9.375	0.000	1.006175138	0	1
10.938	0.000	1.006168826	0	1
12.500	0.000	1.006170810	0	1
14.062	0.000	1.006178705	0	1
15.625	0.000	1.006178313	0	1
17.188	0.000	1.006175839	0	1
18.750	0.000	1.006158897	0	1
20.312	0.000	1.002077114	5	0
21.875	0.000	1.002078237	5	0
23.438	0.000	1.002082064	5	0
25.000	0.000	1.002080400	5	0
0.000	-0.130	1.006174195	0	1
0.000	-0.126	1.006176110	0	1
0.000	-0.121	1.006172222	0	1
0.000	-0.117	1.006175028	0	1
0.000	-0.112	1.006175057	0	1
0.000	-0.108	1.006168465	0	1
0.000	-0.103	1.006187562	0	1
0.000	-0.099	1.006178675	0	1
0.000	-0.094	1.006158877	0	1
0.000	-0.090	1.006177152	0	1
0.000	-0.085	1.006180768	0	1
0.000	-0.081	1.006174788	0	1
0.000	-0.076	1.006174046	0	1
0.000	-0.072	1.006097029	0	1
0.000	-0.067	1.006176340	0	1
0.000	-0.063	1.006171782	0	1
0.000	-0.058	1.006177723	0	1
0.000	-0.054	1.006176129	0	1
0.000	-0.049	1.006150151	0	1
0.000	-0.045	1.006177071	0	1
0.000	-0.040	1.006182943	0	1
0.000	-0.036	1.006177914	0	1
0.000	-0.031	1.006176241	0	1
0.000	-0.027	1.006161752	0	1
0.000	-0.022	1.006171330	0	1
0.000	-0.018	1.006172743	0	1
0.000	-0.013	1.006176731	0	1
0.000	-0.009	1.006176630	0	1
0.000	-0.004	1.006160500	0	1
0.000	0.004	1.006171490	0	1
0.000	0.009	1.006175378	0	1
0.000	0.013	1.006177692	0	1
0.000	0.018	1.006178704	0	1
0.000	0.022	1.006172643	0	1
0.000	0.027	1.006171822	0	1
0.000	0.031	1.006229362	0	1
0.000	0.036	1.006195356	0	1
0.000	0.040	1.006187872	0	1
0.000	0.045	1.006174867	0	1
0.000	0.049	1.006205596	0	1
0.000	0.054	1.006186699	0	1
0.000	0.058	1.006188363	0	1
0.000	0.063	1.006186459	0	1
0.000	0.067	1.006176992	0	1
0.000	0.072	1.006183463	0	1
0.000	0.076	1.006184305	0	1
0.000	0.081	1.006185317	0	1
0.000	0.085	1.006185047	0	1
0.000	0.090	1.006188364	0	1
0.000	0.094	1.006191388	0	1
0.000	0.099	1.006184836	0	1
0.000	0.103	1.006181490	0	1
0.000	0.108	1.006188643	0	1
0.000	0.112	1.006186078	0	1
0.000	0.117	1.006183333	0	1
0.000	0.121	1.006187502	0	1
0.000	0.126	1.006183154	0	1
0.000	0.130	1.006183595	0	1
