Vendor ID: 0x1022
Device ID: 0x153e
Lane: 3
Time (%UI)	Voltage (V)	Duration (s)	Count	Pass
-25.000	0.000	1.002078857	5	0
-23.438	0.000	1.006177011	1	1
-21.875	0.000	1.006176150	0	1
-20.312	0.000	1.006178404	0	1
-18.750	0.000	1.006177101	0	1
-17.188	0.000	1.006177241	0	1
-15.625	0.000	1.006175308	0	1
-14.062	0.000	1.006178644	0	1
-12.500	0.000	1.006175047	0	1
-10.938	0.000	1.006175729	0	1
-9.375	0.000	1.006176159	0	1
-7.812	0.000	1.006177633	0	1
-6.250	0.000	1.006174156	0	1
-4.688	0.000	1.006174697	0	1
-3.125	0.000	1.006177071	0	1
-1.562	0.000	1.006174466	0	1
1.562	0.000	1.006174136	0	1
3.125	0.000	1.006159758	0	1
4.688	0.000	1.006175268	0	1
6.250	0.000	1.006175078	0	1
7.812	0.000	1.006164376	0	1
9.375	0.000	1.006180006	0	1
10.938	0.000	1.006182382	0	1
12.500	0.000	1.006186208	0	1
14.062	0.000	1.006182152	0	1
15.625	0.000	1.006178394	0	1
17.188	0.000	1.006179927	0	1
18.750	0.000	1.006176380	0	1
20.312	0.000	1.006178936	0	1
21.875	0.000	1.006178424	0	1
23.438	0.000	1.006191188	0	1
25.000	0.000	1.006176712	0	1
0.000	-0.130	1.006177413	0	1
0.000	-0.126	1.006181560	0	1
0.000	-0.121	1.006178043	0	1
0.000	-0.117	1.006179777	0	1
0.000	-0.112	1.006177802	0	1
0.000	-0.108	1.006182342	0	1
0.000	-0.103	1.006178343	0	1
0.000	-0.099	1.006179426	0	1
0.000	-0.094	1.006174386	0	1
0.000	-0.090	1.006176801	0	1
0.000	-0.085	1.006178253	0	1
0.000	-0.081	1.006179747	0	1
0.000	-0.076	1.006179947	0	1
0.000	-0.072	1.006162524	0	1
0.000	-0.067	1.006176701	0	1
0.000	-0.063	1.006177433	0	1
0.000	-0.058	1.006180468	0	1
0.000	-0.054	1.006177612	0	1
0.000	-0.049	1.006176151	0	1
0.000	-0.045	1.006176010	0	1
0.000	-0.040	1.006176480	0	1
0.000	-0.036	1.006180207	0	1
0.000	-0.031	1.006181821	0	1
0.000	-0.027	1.006171271	0	1
0.000	-0.022	1.006184165	0	1
0.000	-0.018	1.006182492	0	1
0.000	-0.013	1.006156572	0	1
0.000	-0.009	1.006178263	0	1
0.000	-0.004	1.006180057	0	1
0.000	0.004	1.006183764	0	1
0.000	0.009	1.006180998	0	1
0.000	0.013	1.006182713	0	1
0.000	0.018	1.006180789	0	1
0.000	0.022	1.006160591	0	1
0.000	0.027	1.006180959	0	1
0.000	0.031	1.006180387	0	1
0.000	0.036	1.006180709	0	1
0.000	0.040	1.006180298	0	1
0.000	0.045	1.006180107	0	1
0.000	0.049	1.006179526	0	1
0.000	0.054	1.006180247	0	1
0.000	0.058	1.006178635	0	1
0.000	0.063	1.006180789	0	1
0.000	0.067	1.006178454	0	1
0.000	0.072	1.006178815	0	1
0.000	0.076	1.006177982	0	1
0.000	0.081	1.006179637	0	1
0.000	0.085	1.006178915	0	1
0.000	0.090	1.006173745	0	1
0.000	0.094	1.006166121	0	1
0.000	0.099	1.006167193	0	1
0.000	0.103	1.006183573	0	1
0.000	0.108	1.006173334	0	1
0.000	0.112	1.006126295	0	1
0.000	0.117	1.006177843	0	1
0.000	0.121	1.006183755	0	1
0.000	0.126	1.006175709	0	1
0.000	0.130	1.006175067	0	1
