Vendor ID: 0x1022
Device ID: 0x153e
Lane: 3
Time (%UI)	Voltage (V)	Duration (s)	Count	Pass
-25.000	0.000	1.006188082	4	1
-23.438	0.000	1.006184856	2	1
-21.875	0.000	1.006185228	0	1
-20.312	0.000	1.006188402	0	1
-18.750	0.000	1.006182632	0	1
-17.188	0.000	1.006181860	0	1
-15.625	0.000	1.006183373	0	1
-14.062	0.000	1.006185277	0	1
-12.500	0.000	1.006183865	0	1
-10.938	0.000	1.006185087	0	1
-9.375	0.000	1.006190476	0	1
-7.812	0.000	1.006186169	0	1
-6.250	0.000	1.006183264	0	1
-4.688	0.000	1.006186750	0	1
-3.125	0.000	1.006186068	0	1
-1.562	0.000	1.006186349	0	1
1.562	0.000	1.006186680	0	1
3.125	0.000	1.006182081	0	1
4.688	0.000	1.006182372	0	1
6.250	0.000	1.006183684	0	1
7.812	0.000	1.006182202	0	1
9.375	0.000	1.006185748	0	1
10.938	0.000	1.006182952	0	1
12.500	0.000	1.006186038	0	1
14.062	0.000	1.006181781	0	1
15.625	0.000	1.006180057	0	1
17.188	0.000	1.006187811	0	1
18.750	0.000	1.002080861	5	0
20.312	0.000	1.002082835	5	0
21.875	0.000	1.002085089	5	0
23.438	0.000	1.002087202	5	0
25.000	0.000	1.002086592	5	0
0.000	-0.130	1.006140952	5	0
0.000	-0.126	1.002083807	5	0
0.000	-0.121	1.002080521	5	0
0.000	-0.117	1.002081021	5	0
0.000	-0.112	1.002081373	5	0
0.000	-0.108	1.002078466	5	0
0.000	-0.103	1.002080931	5	0
0.000	-0.099	1.002088936	5	0
0.000	-0.094	1.006186179	3	1
0.000	-0.090	1.006186249	1	1
0.000	-0.085	1.006180117	0	1
0.000	-0.081	1.006183594	0	1
0.000	-0.076	1.006185327	0	1
0.000	-0.072	1.006185027	0	1
0.000	-0.067	1.006189114	0	1
0.000	-0.063	1.006187441	0	1
0.000	-0.058	1.006181840	0	1
0.000	-0.054	1.006180879	0	1
0.000	-0.049	1.006184395	0	1
0.000	-0.045	1.006185598	0	1
0.000	-0.040	1.006153957	0	1
0.000	-0.036	1.006181460	0	1
0.000	-0.031	1.006180538	0	1
0.000	-0.027	1.006181159	0	1
0.000	-0.022	1.006185096	0	1
0.000	-0.018	1.006180988	0	1
0.000	-0.013	1.006180278	0	1
0.000	-0.009	1.006180238	0	1
0.000	-0.004	1.006184946	0	1
0.000	0.004	1.006185428	0	1
0.000	0.009	1.006167965	0	1
0.000	0.013	1.006184555	0	1
0.000	0.018	1.006188252	0	1
0.000	0.022	1.006088704	0	1
0.000	0.027	1.006180649	0	1
0.000	0.031	1.006183043	0	1
0.000	0.036	1.006189274	0	1
0.000	0.040	1.006189945	0	1
0.000	0.045	1.006155480	0	1
0.000	0.049	1.006130223	0	1
0.000	0.054	1.006174287	0	1
0.000	0.058	1.006196759	0	1
0.000	0.063	1.006180227	0	1
0.000	0.067	1.006138027	0	1
0.000	0.072	1.006181190	0	1
0.000	0.076	1.006187231	0	1
0.000	0.081	1.006185187	0	1
0.000	0.085	1.006178735	0	1
0.000	0.090	1.006177753	0	1
0.000	0.094	1.006186310	4	1
0.000	0.099	1.002086742	5	0
0.000	0.103	1.002088025	5	0
0.000	0.108	1.002085579	5	0
0.000	0.112	1.002085230	5	0
0.000	0.117	1.002085280	5	0
0.000	0.121	1.002086161	5	0
0.000	0.126	1.002091091	5	0
0.000	0.130	1.002088005	5	0
