Vendor ID: 0x1344
Device ID: 0x51bb
Lane: 3
Time (%UI)	Voltage (V)	Duration (s)	Count	Pass
-40.000	0.000	1.006176921	0	1
-37.500	0.000	1.008198451	0	1
-35.000	0.000	1.008197469	0	1
-32.500	0.000	1.006176490	0	1
-30.000	0.000	0.001013595	31	0
-27.500	0.000	0.001013134	9	0
-25.000	0.000	0.003037209	5	0
-22.500	0.000	0.003037750	5	0
-20.000	0.000	1.002077575	5	0
-17.500	0.000	1.008199422	0	1
-15.000	0.000	1.008199814	0	1
-12.500	0.000	1.008201126	0	1
-10.000	0.000	1.008198411	0	1
-7.500	0.000	1.008198501	0	1
-5.000	0.000	1.008196907	0	1
-2.500	0.000	1.008196968	0	1
2.500	0.000	1.006171962	0	1
5.000	0.000	1.006155891	0	1
7.500	0.000	1.008190907	0	1
10.000	0.000	1.008198751	0	1
12.500	0.000	1.006174726	0	1
15.000	0.000	1.006172273	0	1
17.500	0.000	1.008199763	0	1
20.000	0.000	1.008197168	0	1
22.500	0.000	1.002078487	5	0
25.000	0.000	0.003038481	5	0
27.500	0.000	0.003036848	5	0
30.000	0.000	0.001012583	5	0
32.500	0.000	0.001012403	15	0
35.000	0.000	0.003034353	31	0
37.500	0.000	1.008192560	0	1
40.000	0.000	1.006171641	0	1
0.000	-0.100	0.001013235	5	0
0.000	-0.098	0.003036908	6	0
0.000	-0.097	0.003035616	5	0
0.000	-0.095	0.003035766	6	0
0.000	-0.094	0.003034143	7	0
0.000	-0.092	0.003033532	5	0
0.000	-0.091	0.003032840	6	0
0.000	-0.089	0.003033171	5	0
0.000	-0.088	0.003032400	5	0
0.000	-0.086	1.002073036	5	0
0.000	-0.084	1.002076182	5	0
0.000	-0.083	1.004097872	5	0
0.000	-0.081	1.004103012	5	0
0.000	-0.080	1.004103091	5	0
0.000	-0.078	1.002075792	5	0
0.000	-0.077	1.004109755	5	0
0.000	-0.075	1.002077755	5	0
0.000	-0.073	1.004101799	5	0
0.000	-0.072	1.002075481	5	0
0.000	-0.070	1.008197940	2	1
0.000	-0.069	1.008199684	0	1
0.000	-0.067	1.008198492	0	1
0.000	-0.066	1.008196056	0	1
0.000	-0.064	1.008196857	0	1
0.000	-0.062	1.006172964	0	1
0.000	-0.061	1.006171350	0	1
0.000	-0.059	1.008173724	0	1
0.000	-0.058	1.008186268	0	1
0.000	-0.056	1.008195205	0	1
0.000	-0.055	1.006166742	0	1
0.000	-0.053	1.006171521	0	1
0.000	-0.052	1.008195696	0	1
0.000	-0.050	1.008194604	0	1
0.000	-0.048	1.006172192	0	1
0.000	-0.047	1.008195205	0	1
0.000	-0.045	1.008194794	0	1
0.000	-0.044	1.008185186	0	1
0.000	-0.042	1.008192019	0	1
0.000	-0.041	1.006172884	0	1
0.000	-0.039	1.008103971	0	1
0.000	-0.038	1.008190406	0	1
0.000	-0.036	1.008205995	0	1
0.000	-0.034	1.008195254	0	1
0.000	-0.033	1.008217497	0	1
0.000	-0.031	1.006144910	0	1
0.000	-0.030	1.008194735	0	1
0.000	-0.028	1.008192549	0	1
0.000	-0.027	1.008199823	0	1
0.000	-0.025	1.008197017	0	1
0.000	-0.023	1.006170719	0	1
0.000	-0.022	1.008197790	0	1
0.000	-0.020	1.008200896	0	1
0.000	-0.019	1.008201306	0	1
0.000	-0.017	1.006175198	0	1
0.000	-0.016	1.008182541	0	1
0.000	-0.014	1.008194233	0	1
0.000	-0.013	1.008200936	0	1
0.000	-0.011	1.008203791	0	1
0.000	-0.009	1.008203821	0	1
0.000	-0.008	1.008197910	0	1
0.000	-0.006	1.008202428	0	1
0.000	-0.005	1.006176740	0	1
0.000	-0.003	1.008204322	0	1
0.000	-0.002	1.008200795	0	1
0.000	0.002	1.008197699	0	1
0.000	0.003	1.008199643	0	1
0.000	0.005	1.008199212	0	1
0.000	0.006	1.006176380	0	1
0.000	0.008	1.008199874	0	1
0.000	0.009	1.006169457	0	1
0.000	0.011	1.008198191	0	1
0.000	0.013	1.008198171	0	1
0.000	0.014	1.008197449	0	1
0.000	0.016	1.008197940	0	1
0.000	0.017	1.006173395	0	1
0.000	0.019	1.008199532	0	1
0.000	0.020	1.008198962	0	1
0.000	0.022	1.008153666	0	1
0.000	0.023	1.008199974	0	1
0.000	0.025	1.008196266	0	1
0.000	0.027	1.008205384	0	1
0.000	0.028	1.008202108	0	1
0.000	0.030	1.008204413	0	1
0.000	0.031	1.006171913	0	1
0.000	0.033	1.008196427	0	1
0.000	0.034	1.008196067	0	1
0.000	0.036	1.008195646	0	1
0.000	0.038	1.008198842	0	1
0.000	0.039	1.008194614	0	1
0.000	0.041	1.008196598	0	1
0.000	0.042	1.008198421	0	1
0.000	0.044	1.006174266	0	1
0.000	0.045	1.008197850	0	1
0.000	0.047	1.008201638	0	1
0.000	0.048	1.008199874	0	1
0.000	0.050	1.008196668	0	1
0.000	0.052	1.008196258	0	1
0.000	0.053	1.008197800	0	1
0.000	0.055	1.006171541	0	1
0.000	0.056	1.008196968	0	1
0.000	0.058	1.006172863	0	1
0.000	0.059	1.008196858	0	1
0.000	0.061	1.006172933	0	1
0.000	0.062	1.008197760	0	1
0.000	0.064	1.008196037	0	1
0.000	0.066	1.008194825	0	1
0.000	0.067	1.008199984	0	1
0.000	0.069	1.006171631	1	1
0.000	0.070	1.008196767	0	1
0.000	0.072	1.004100056	5	0
0.000	0.073	1.006173836	2	1
0.000	0.075	1.004105065	5	0
0.000	0.077	1.002076983	5	0
0.000	0.078	1.002077675	5	0
0.000	0.080	1.004103342	5	0
0.000	0.081	1.002075641	5	0
0.000	0.083	1.004101779	5	0
0.000	0.084	1.004101930	5	0
0.000	0.086	1.004101448	5	0
0.000	0.088	0.003039924	5	0
0.000	0.089	0.003037560	5	0
0.000	0.091	0.003036558	5	0
0.000	0.092	0.003035425	5	0
0.000	0.094	0.003034534	5	0
0.000	0.095	0.003034113	5	0
0.000	0.097	0.003033061	5	0
0.000	0.098	0.003033281	6	0
0.000	0.100	0.003032821	5	0
