Vendor ID: 0x1022
Device ID: 0x153e
Lane: 0
Time (%UI)	Voltage (V)	Duration (s)	Count	Pass
-25.000	0.000	1.002077854	5	0
-23.438	0.000	1.006183384	4	1
-21.875	0.000	1.006183214	1	1
-20.312	0.000	1.006179105	0	1
-18.750	0.000	1.006181750	0	1
-17.188	0.000	1.006178664	0	1
-15.625	0.000	1.006182392	0	1
-14.062	0.000	1.006178835	0	1
-12.500	0.000	1.006181499	0	1
-10.938	0.000	1.006181581	0	1
-9.375	0.000	1.006180308	0	1
-7.812	0.000	1.006187991	0	1
-6.250	0.000	1.006176510	0	1
-4.688	0.000	1.006175219	0	1
-3.125	0.000	1.006177813	0	1
-1.562	0.000	1.006179536	0	1
1.562	0.000	1.006177763	0	1
3.125	0.000	1.006177853	0	1
4.688	0.000	1.006176811	0	1
6.250	0.000	1.006179656	0	1
7.812	0.000	1.006176431	0	1
9.375	0.000	1.006176470	0	1
10.938	0.000	1.006175419	0	1
12.500	0.000	1.006144249	0	1
14.062	0.000	1.006175027	0	1
15.625	0.000	1.006175428	0	1
17.188	0.000	1.006175598	0	1
18.750	0.000	1.006177812	0	1
20.312	0.000	1.002078938	5	0
21.875	0.000	1.002080221	5	0
23.438	0.000	1.002081813	5	0
25.000	0.000	1.002084056	5	0
0.000	-0.130	1.002081662	5	0
0.000	-0.126	1.002079718	5	0
0.000	-0.121	1.002078276	5	0
0.000	-0.117	1.002078898	5	0
0.000	-0.112	1.002081011	5	0
0.000	-0.108	1.002083226	5	0
0.000	-0.103	1.002078336	5	0
0.000	-0.099	1.002079158	5	0
0.000	-0.094	1.006179777	0	1
0.000	-0.090	1.006148797	3	1
0.000	-0.085	1.006193232	1	1
0.000	-0.081	1.006189435	0	1
0.000	-0.076	1.006177322	0	1
0.000	-0.072	1.006197510	0	1
0.000	-0.067	1.006174697	0	1
0.000	-0.063	1.006177261	0	1
0.000	-0.058	1.006181850	0	1
0.000	-0.054	1.006177833	0	1
0.000	-0.049	1.006175850	0	1
0.000	-0.045	1.006177632	0	1
0.000	-0.040	1.006180598	0	1
0.000	-0.036	1.006175860	0	1
0.000	-0.031	1.006176200	0	1
0.000	-0.027	1.006180539	0	1
0.000	-0.022	1.006177832	0	1
0.000	-0.018	1.006180327	0	1
0.000	-0.013	1.006177773	0	1
0.000	-0.009	1.006176982	0	1
0.000	-0.004	1.006176300	0	1
0.000	0.004	1.006171951	0	1
0.000	0.009	1.006176080	0	1
0.000	0.013	1.006177412	0	1
0.000	0.018	1.006178614	0	1
0.000	0.022	1.006187281	0	1
0.000	0.027	1.006173596	0	1
0.000	0.031	1.006174867	0	1
0.000	0.036	1.006186620	0	1
0.000	0.040	1.006180247	0	1
0.000	0.045	1.006176209	0	1
0.000	0.049	1.006178884	0	1
0.000	0.054	1.006178284	0	1
0.000	0.058	1.006175459	0	1
0.000	0.063	1.006175820	0	1
0.000	0.067	1.006176200	0	1
0.000	0.072	1.006176200	0	1
0.000	0.076	1.006177543	0	1
0.000	0.081	1.006178975	0	1
0.000	0.085	1.006175628	0	1
0.000	0.090	1.006176210	0	1
0.000	0.094	1.006178444	2	1
0.000	0.099	1.006179577	2	1
0.000	0.103	1.002077775	5	0
0.000	0.108	1.002079829	5	0
0.000	0.112	1.002081973	5	0
0.000	0.117	1.002079849	5	0
0.000	0.121	1.002076393	5	0
0.000	0.126	1.002081502	5	0
0.000	0.130	1.002081422	5	0
