Vendor ID: 0x25e
Device ID: 0x2b59
Lane: 1
Time (%UI)	Voltage (V)	Duration (s)	Count	Pass
-50.000	0.000	0.001013966	5	0
-48.276	0.000	0.001009948	5	0
-46.552	0.000	0.001012293	5	0
-44.828	0.000	0.001012783	5	0
-43.103	0.000	0.001013476	5	0
-41.379	0.000	0.001016410	5	0
-39.655	0.000	0.001008526	5	0
-37.931	0.000	0.001011031	5	0
-36.207	0.000	0.001013695	5	0
-34.483	0.000	0.001014467	5	0
-32.759	0.000	0.001015639	5	0
-31.034	0.000	0.001013254	5	0
-29.310	0.000	0.001029165	5	0
-27.586	0.000	0.001024095	5	0
-25.862	0.000	1.002188655	5	0
-24.138	0.000	1.003248890	5	0
-22.414	0.000	0.001019387	5	0
-20.690	0.000	1.002096781	5	0
-18.966	0.000	1.002079488	5	0
-17.241	0.000	1.002078717	5	0
-15.517	0.000	1.002084318	5	0
-13.793	0.000	1.002083427	5	0
-12.069	0.000	1.002077054	5	0
-10.345	0.000	1.006184295	3	1
-8.621	0.000	1.006190227	2	1
-6.897	0.000	1.006189065	1	1
-5.172	0.000	1.006188003	0	1
-3.448	0.000	1.006189665	0	1
-1.724	0.000	1.006193593	0	1
1.724	0.000	1.006189846	0	1
3.448	0.000	1.006191509	0	1
5.172	0.000	1.006185137	0	1
6.897	0.000	1.006184506	0	1
8.621	0.000	1.006187060	0	1
10.345	0.000	1.006184234	0	1
12.069	0.000	1.006190818	3	1
13.793	0.000	1.002082795	5	0
15.517	0.000	1.002086993	5	0
17.241	0.000	1.002084258	5	0
18.966	0.000	1.002086002	5	0
20.690	0.000	1.002089348	5	0
22.414	0.000	1.002088396	5	0
24.138	0.000	1.002085369	5	0
25.862	0.000	1.002089307	5	0
27.586	0.000	1.002368728	5	0
29.310	0.000	0.001017813	5	0
31.034	0.000	0.001015900	5	0
32.759	0.000	0.001017262	5	0
34.483	0.000	0.001015168	5	0
36.207	0.000	0.001022122	5	0
37.931	0.000	0.001011722	5	0
39.655	0.000	0.001267858	5	0
41.379	0.000	0.001313365	5	0
43.103	0.000	0.001293708	5	0
44.828	0.000	0.001302995	5	0
46.552	0.000	0.001311692	5	0
48.276	0.000	0.001311180	5	0
50.000	0.000	0.001316621	5	0
0.000	-0.080	1.002393404	5	0
0.000	-0.077	1.002073637	5	0
0.000	-0.075	1.002089938	5	0
0.000	-0.072	1.002084118	5	0
0.000	-0.070	1.002082314	5	0
0.000	-0.068	1.002085218	5	0
0.000	-0.065	1.002082114	5	0
0.000	-0.062	1.002088414	5	0
0.000	-0.060	1.002040805	5	0
0.000	-0.058	1.002072074	5	0
0.000	-0.055	1.002078396	5	0
0.000	-0.052	1.002078627	5	0
0.000	-0.050	1.002088345	5	0
0.000	-0.048	1.002078927	5	0
0.000	-0.045	1.002106259	5	0
0.000	-0.043	1.006193381	3	1
0.000	-0.040	1.002101680	5	0
0.000	-0.037	1.006209863	2	1
0.000	-0.035	1.006172082	1	1
0.000	-0.033	1.006176289	1	1
0.000	-0.030	1.006171692	3	1
0.000	-0.028	1.006176590	1	1
0.000	-0.025	1.006176029	0	1
0.000	-0.022	1.006177112	0	1
0.000	-0.020	1.006175829	0	1
0.000	-0.018	1.006178093	0	1
0.000	-0.015	1.006178343	0	1
0.000	-0.013	1.006191018	0	1
0.000	-0.010	1.006176982	0	1
0.000	-0.007	1.006184205	0	1
0.000	-0.005	1.006185879	0	1
0.000	-0.003	1.006185658	0	1
0.000	0.003	1.006193292	0	1
0.000	0.005	1.006188914	0	1
0.000	0.007	1.006182912	0	1
0.000	0.010	1.006185267	0	1
0.000	0.013	1.006189505	0	1
0.000	0.015	1.006189776	0	1
0.000	0.018	1.006184906	0	1
0.000	0.020	1.006185057	0	1
0.000	0.022	1.006185608	0	1
0.000	0.025	1.006184005	0	1
0.000	0.028	1.006093442	2	1
0.000	0.030	1.002030856	5	0
0.000	0.033	1.006071732	2	1
0.000	0.035	1.002029904	5	0
0.000	0.037	1.002031277	5	0
0.000	0.040	1.002032760	5	0
0.000	0.043	1.002031648	5	0
0.000	0.045	1.002031077	5	0
0.000	0.048	1.002029283	5	0
0.000	0.050	1.002028993	5	0
0.000	0.052	1.002027810	5	0
0.000	0.055	1.002030986	5	0
0.000	0.058	1.002030966	5	0
0.000	0.060	1.002030976	5	0
0.000	0.062	1.002032288	5	0
0.000	0.065	1.002032599	5	0
0.000	0.068	1.002032379	5	0
0.000	0.070	1.002031477	5	0
0.000	0.072	1.002031708	5	0
0.000	0.075	1.002031597	5	0
0.000	0.077	1.002594236	5	0
0.000	0.080	1.002956434	5	0
