Vendor ID: 0x25e
Device ID: 0x2b59
Lane: 0
Time (%UI)	Voltage (V)	Duration (s)	Count	Pass
-50.000	0.000	0.001011822	5	0
-48.276	0.000	0.001015138	5	0
-46.552	0.000	0.001015338	5	0
-44.828	0.000	0.001011230	5	0
-43.103	0.000	0.001015088	5	0
-41.379	0.000	0.001013896	5	0
-39.655	0.000	0.001017553	5	0
-37.931	0.000	0.001029064	5	0
-36.207	0.000	0.001012604	5	0
-34.483	0.000	0.001012423	5	0
-32.759	0.000	0.001009197	5	0
-31.034	0.000	0.001205761	5	0
-29.310	0.000	0.001321180	5	0
-27.586	0.000	0.001298907	5	0
-25.862	0.000	0.001308716	5	0
-24.138	0.000	1.002035024	5	0
-22.414	0.000	1.002082334	5	0
-20.690	0.000	1.002090940	5	0
-18.966	0.000	1.002097342	5	0
-17.241	0.000	1.002070370	5	0
-15.517	0.000	1.002077555	5	0
-13.793	0.000	1.002075701	5	0
-12.069	0.000	1.002077665	5	0
-10.345	0.000	1.006185027	1	1
-8.621	0.000	1.006181510	4	1
-6.897	0.000	1.006177342	1	1
-5.172	0.000	1.006175399	0	1
-3.448	0.000	1.006179837	0	1
-1.724	0.000	1.006178996	0	1
1.724	0.000	1.006171420	0	1
3.448	0.000	1.006175999	0	1
5.172	0.000	1.006175309	0	1
6.897	0.000	1.006151312	0	1
8.621	0.000	1.006171731	0	1
10.345	0.000	1.006174296	0	1
12.069	0.000	1.006172823	1	1
13.793	0.000	1.002074078	5	0
15.517	0.000	1.002071724	5	0
17.241	0.000	1.002073417	5	0
18.966	0.000	1.002078176	5	0
20.690	0.000	1.002081433	5	0
22.414	0.000	1.002075862	5	0
24.138	0.000	1.002154521	5	0
25.862	0.000	1.002046466	5	0
27.586	0.000	0.001008406	5	0
29.310	0.000	0.001132902	5	0
31.034	0.000	0.001010520	5	0
32.759	0.000	0.001015128	5	0
34.483	0.000	0.001015879	5	0
36.207	0.000	0.001016039	5	0
37.931	0.000	0.001009889	5	0
39.655	0.000	0.001015870	5	0
41.379	0.000	0.001010079	5	0
43.103	0.000	0.001154814	5	0
44.828	0.000	0.001301141	5	0
46.552	0.000	0.001311782	5	0
48.276	0.000	0.001316401	5	0
50.000	0.000	0.001317071	5	0
0.000	-0.080	1.002391330	5	0
0.000	-0.077	1.002080690	5	0
0.000	-0.075	1.002080209	5	0
0.000	-0.072	1.002082705	5	0
0.000	-0.070	1.002078807	5	0
0.000	-0.068	1.002079017	5	0
0.000	-0.065	1.002079558	5	0
0.000	-0.062	1.002079328	5	0
0.000	-0.060	1.002080319	5	0
0.000	-0.058	1.002080791	5	0
0.000	-0.055	1.002047858	5	0
0.000	-0.052	1.002083456	5	0
0.000	-0.050	1.002080380	5	0
0.000	-0.048	1.002088785	5	0
0.000	-0.045	1.002094957	5	0
0.000	-0.043	1.002085170	5	0
0.000	-0.040	1.006219612	4	1
0.000	-0.037	1.002093906	5	0
0.000	-0.035	1.006181299	3	1
0.000	-0.033	1.006179867	0	1
0.000	-0.030	1.006180237	2	1
0.000	-0.028	1.006178884	2	1
0.000	-0.025	1.006178194	2	1
0.000	-0.022	1.006167423	0	1
0.000	-0.020	1.006176199	0	1
0.000	-0.018	1.006177241	0	1
0.000	-0.015	1.006178475	0	1
0.000	-0.013	1.006178995	0	1
0.000	-0.010	1.006176190	0	1
0.000	-0.007	1.006176611	0	1
0.000	-0.005	1.006179637	0	1
0.000	-0.003	1.006178854	0	1
0.000	0.003	1.006179807	0	1
0.000	0.005	1.006183024	0	1
0.000	0.007	1.006180508	0	1
0.000	0.010	1.006178013	0	1
0.000	0.013	1.006180728	0	1
0.000	0.015	1.006183063	0	1
0.000	0.018	1.006180117	0	1
0.000	0.020	1.006178785	0	1
0.000	0.022	1.006179867	0	1
0.000	0.025	1.006179136	0	1
0.000	0.028	1.006177933	0	1
0.000	0.030	1.006179596	3	1
0.000	0.033	1.006152274	3	1
0.000	0.035	1.006176760	4	1
0.000	0.037	1.002079649	5	0
0.000	0.040	1.002078998	5	0
0.000	0.043	1.002079729	5	0
0.000	0.045	1.002079749	5	0
0.000	0.048	1.002079719	5	0
0.000	0.050	1.002082224	5	0
0.000	0.052	1.002075812	5	0
0.000	0.055	1.002081823	5	0
0.000	0.058	1.002082133	5	0
0.000	0.060	1.002084267	5	0
0.000	0.062	1.002087493	5	0
0.000	0.065	1.002084869	5	0
0.000	0.068	1.002081833	5	0
0.000	0.070	1.002079910	5	0
0.000	0.072	1.002080561	5	0
0.000	0.075	1.002315347	5	0
0.000	0.077	1.002080390	5	0
0.000	0.080	1.002089527	5	0
