Vendor ID: 0x1bb1
Device ID: 0x5026
Lane: 2
Time (%UI)	Voltage (V)	Duration (s)	Count	Pass
-50.000	0.000	0.001013676	31	0
-48.387	0.000	0.001012844	31	0
-46.774	0.000	0.001013214	31	0
-45.161	0.000	0.001012603	31	0
-43.548	0.000	0.001012394	31	0
-41.935	0.000	0.001012193	31	0
-40.323	0.000	0.001012213	31	0
-38.710	0.000	0.001013014	31	0
-37.097	0.000	0.001011992	31	0
-35.484	0.000	0.001011781	31	0
-33.871	0.000	0.001011792	31	0
-32.258	0.000	0.001011662	31	0
-30.645	0.000	0.001011581	31	0
-29.032	0.000	0.001011591	31	0
-27.419	0.000	0.001011602	31	0
-25.806	0.000	0.001012002	31	0
-24.194	0.000	0.001011371	31	0
-22.581	0.000	0.001011402	25	0
-20.968	0.000	0.001011271	19	0
-19.355	0.000	0.001011180	9	0
-17.742	0.000	0.001011191	6	0
-16.129	0.000	0.001011231	12	0
-14.516	0.000	1.002080861	6	0
-12.903	0.000	1.002087123	7	0
-11.290	0.000	1.006192161	3	1
-9.677	0.000	1.006188884	0	1
-8.065	0.000	1.006150391	0	1
-6.452	0.000	1.006188033	0	1
-4.839	0.000	1.006192320	0	1
-3.226	0.000	1.006191018	0	1
-1.613	0.000	1.006188863	0	1
1.613	0.000	1.006192992	0	1
3.226	0.000	1.006190607	0	1
4.839	0.000	1.006190577	0	1
6.452	0.000	1.006192160	0	1
8.065	0.000	1.006191669	0	1
9.677	0.000	1.006188332	0	1
11.290	0.000	1.006190838	0	1
12.903	0.000	1.006189755	0	1
14.516	0.000	1.006190096	0	1
16.129	0.000	1.006193463	0	1
17.742	0.000	1.006182151	0	1
19.355	0.000	1.006186359	0	1
20.968	0.000	1.006186229	0	1
22.581	0.000	1.006186289	0	1
24.194	0.000	1.006186058	0	1
25.806	0.000	1.006185607	0	1
27.419	0.000	1.006187130	0	1
29.032	0.000	1.006185467	0	1
30.645	0.000	1.006185117	1	1
32.258	0.000	1.002080851	11	0
33.871	0.000	1.002029574	7	0
35.484	0.000	1.002071993	5	0
37.097	0.000	1.002081231	7	0
38.710	0.000	0.001015159	6	0
40.323	0.000	0.001014737	5	0
41.935	0.000	0.001015048	16	0
43.548	0.000	0.001014237	8	0
45.161	0.000	0.001013716	31	0
46.774	0.000	0.001013405	31	0
48.387	0.000	0.001013204	31	0
50.000	0.000	0.001013234	31	0
0.000	-0.400	0.001012994	31	0
0.000	-0.397	0.001014036	31	0
0.000	-0.394	0.001012483	31	0
0.000	-0.391	0.001012613	31	0
0.000	-0.387	0.001013004	31	0
0.000	-0.384	0.001012403	31	0
0.000	-0.381	0.001012213	31	0
0.000	-0.378	0.001012083	31	0
0.000	-0.375	0.001012022	31	0
0.000	-0.372	0.001012423	31	0
0.000	-0.369	0.001012062	31	0
0.000	-0.365	0.001012273	31	0
0.000	-0.362	0.001011642	31	0
0.000	-0.359	0.001011672	31	0
0.000	-0.356	0.001012183	31	0
0.000	-0.353	0.001011812	31	0
0.000	-0.350	0.001008516	31	0
0.000	-0.346	0.001011241	31	0
0.000	-0.343	0.001011481	31	0
0.000	-0.340	0.001011812	31	0
0.000	-0.337	0.001011401	31	0
0.000	-0.334	0.001011191	31	0
0.000	-0.331	0.001011071	31	0
0.000	-0.328	0.001011291	31	0
0.000	-0.324	0.001011411	31	0
0.000	-0.321	0.001011431	31	0
0.000	-0.318	0.001010980	31	0
0.000	-0.315	0.001011040	31	0
0.000	-0.312	0.001011211	31	0
0.000	-0.309	0.001011220	31	0
0.000	-0.306	0.001010820	31	0
0.000	-0.302	0.001011000	31	0
0.000	-0.299	0.001011100	31	0
0.000	-0.296	0.001011191	31	0
0.000	-0.293	0.001011261	31	0
0.000	-0.290	0.001011000	31	0
0.000	-0.287	0.001010880	31	0
0.000	-0.283	0.001010981	31	0
0.000	-0.280	0.001010780	31	0
0.000	-0.277	0.001010800	31	0
0.000	-0.274	0.001011010	31	0
0.000	-0.271	0.001010570	31	0
0.000	-0.268	0.001010790	31	0
0.000	-0.265	0.001010409	31	0
0.000	-0.261	0.001010419	31	0
0.000	-0.258	0.001010569	31	0
0.000	-0.255	0.001010399	31	0
0.000	-0.252	0.001010590	31	0
0.000	-0.249	0.001010380	31	0
0.000	-0.246	0.001010399	31	0
0.000	-0.243	0.001010490	31	0
0.000	-0.239	0.001010369	31	0
0.000	-0.236	0.001010530	31	0
0.000	-0.233	0.001007443	31	0
0.000	-0.230	0.001007353	31	0
0.000	-0.227	0.001010009	31	0
0.000	-0.224	0.001010068	31	0
0.000	-0.220	0.001009999	31	0
0.000	-0.217	0.001010369	31	0
0.000	-0.214	0.001010239	31	0
0.000	-0.211	0.001010399	31	0
0.000	-0.208	0.001010069	31	0
0.000	-0.205	0.001010048	31	0
0.000	-0.202	0.001010389	31	0
0.000	-0.198	0.001010379	31	0
0.000	-0.195	0.001010009	31	0
0.000	-0.192	0.001010009	31	0
0.000	-0.189	0.001010079	31	0
0.000	-0.186	0.001010399	28	0
0.000	-0.183	0.001010499	26	0
0.000	-0.180	0.001010039	9	0
0.000	-0.176	0.001010069	8	0
0.000	-0.173	0.001010009	12	0
0.000	-0.170	0.001010399	5	0
0.000	-0.167	0.001010188	5	0
0.000	-0.164	0.001010189	5	0
0.000	-0.161	0.001010078	7	0
0.000	-0.157	0.001010018	5	0
0.000	-0.154	0.001010590	7	0
0.000	-0.151	0.001010319	6	0
0.000	-0.148	0.001010049	8	0
0.000	-0.145	0.001010088	5	0
0.000	-0.142	1.002032098	10	0
0.000	-0.139	1.002076312	6	0
0.000	-0.135	1.002080490	9	0
0.000	-0.132	1.002081693	12	0
0.000	-0.129	1.002079348	6	0
0.000	-0.126	1.002081682	5	0
0.000	-0.123	1.002080680	6	0
0.000	-0.120	1.002099356	9	0
0.000	-0.117	1.002080711	9	0
0.000	-0.113	1.002081432	6	0
0.000	-0.110	1.002082143	8	0
0.000	-0.107	1.002093775	5	0
0.000	-0.104	1.006202009	2	1
0.000	-0.101	1.006169346	1	1
0.000	-0.098	1.006193232	0	1
0.000	-0.094	1.006210745	0	1
0.000	-0.091	1.006185748	0	1
0.000	-0.088	1.006190778	0	1
0.000	-0.085	1.006189084	0	1
0.000	-0.082	1.006188363	0	1
0.000	-0.079	1.006189956	0	1
0.000	-0.076	1.006154599	0	1
0.000	-0.072	1.006185296	0	1
0.000	-0.069	1.006187762	0	1
0.000	-0.066	1.006189846	0	1
0.000	-0.063	1.006190567	0	1
0.000	-0.060	1.006166822	0	1
0.000	-0.057	1.006187141	0	1
0.000	-0.054	1.006190488	0	1
0.000	-0.050	1.006190567	0	1
0.000	-0.047	1.006190317	0	1
0.000	-0.044	1.006183704	0	1
0.000	-0.041	1.006188904	0	1
0.000	-0.038	1.006187161	0	1
0.000	-0.035	1.006187591	0	1
0.000	-0.031	1.006186720	0	1
0.000	-0.028	1.006179506	0	1
0.000	-0.025	1.006185829	0	1
0.000	-0.022	1.006190136	0	1
0.000	-0.019	1.006190006	0	1
0.000	-0.016	1.006186169	0	1
0.000	-0.013	1.006190938	0	1
0.000	-0.009	1.006078433	0	1
0.000	-0.006	1.006146674	0	1
0.000	-0.003	1.006192851	0	1
0.000	0.003	1.006190347	0	1
0.000	0.006	1.006179416	0	1
0.000	0.009	1.006189604	0	1
0.000	0.013	1.006189494	0	1
0.000	0.016	1.006191749	0	1
0.000	0.019	1.006189185	0	1
0.000	0.022	1.006185467	0	1
0.000	0.025	1.006190707	0	1
0.000	0.028	1.006189125	0	1
0.000	0.031	1.006189345	0	1
0.000	0.035	1.006191198	0	1
0.000	0.038	1.006188173	0	1
0.000	0.041	1.006189175	0	1
0.000	0.044	1.006193031	0	1
0.000	0.047	1.006194394	0	1
0.000	0.050	1.006190317	0	1
0.000	0.054	1.006185427	0	1
0.000	0.057	1.006192089	0	1
0.000	0.060	1.006187782	0	1
0.000	0.063	1.006191850	0	1
0.000	0.066	1.006189365	0	1
0.000	0.069	1.006188452	0	1
0.000	0.072	1.006193513	0	1
0.000	0.076	1.006190697	0	1
0.000	0.079	1.006188553	0	1
0.000	0.082	1.006191588	0	1
0.000	0.085	1.006187831	0	1
0.000	0.088	1.006188704	0	1
0.000	0.091	1.006190967	0	1
0.000	0.094	1.006188242	0	1
0.000	0.098	1.006191799	0	1
0.000	0.101	1.006192822	0	1
0.000	0.104	1.006191529	0	1
0.000	0.107	1.006191459	1	1
0.000	0.110	1.006193363	1	1
0.000	0.113	1.002082875	5	0
0.000	0.117	1.002084378	5	0
0.000	0.120	1.002084057	5	0
0.000	0.123	1.002083416	6	0
0.000	0.126	1.002082815	6	0
0.000	0.129	1.002082824	5	0
0.000	0.132	1.002082534	5	0
0.000	0.135	1.002082023	5	0
0.000	0.139	1.002082774	5	0
0.000	0.142	1.002082474	7	0
0.000	0.145	1.002082765	9	0
0.000	0.148	0.001015580	8	0
0.000	0.151	0.001014838	13	0
0.000	0.154	0.001014296	6	0
0.000	0.157	0.001014016	7	0
0.000	0.161	0.001014668	9	0
0.000	0.164	0.001013465	6	0
0.000	0.167	0.001013275	5	0
0.000	0.170	0.001013405	5	0
0.000	0.173	0.001013185	5	0
0.000	0.176	0.001013675	17	0
0.000	0.180	0.001012633	14	0
0.000	0.183	0.001012373	31	0
0.000	0.186	0.001012253	3	0
0.000	0.189	0.001012593	25	0
0.000	0.192	0.001012072	31	0
0.000	0.195	0.001011882	31	0
0.000	0.198	0.001011992	31	0
0.000	0.202	0.001012073	31	0
0.000	0.205	0.001012232	31	0
0.000	0.208	0.001011762	31	0
0.000	0.211	0.001011682	31	0
0.000	0.214	0.001011651	31	0
0.000	0.217	0.001011782	31	0
0.000	0.220	0.001011491	31	0
0.000	0.224	0.001011631	31	0
0.000	0.227	0.001011461	31	0
0.000	0.230	0.001011401	31	0
0.000	0.233	0.001012042	31	0
0.000	0.236	0.001011592	31	0
0.000	0.239	0.001011271	31	0
0.000	0.243	0.001011221	31	0
0.000	0.246	0.001011161	31	0
0.000	0.249	0.001011170	31	0
0.000	0.252	0.001011392	31	0
0.000	0.255	0.001011461	31	0
0.000	0.258	0.001010971	31	0
0.000	0.261	0.001010971	31	0
0.000	0.265	0.001011381	31	0
0.000	0.268	0.001010980	31	0
0.000	0.271	0.001011020	31	0
0.000	0.274	0.001011000	31	0
0.000	0.277	0.001010990	31	0
0.000	0.280	0.001011230	31	0
0.000	0.283	0.001011211	31	0
0.000	0.287	0.001010950	31	0
0.000	0.290	0.001010950	31	0
0.000	0.293	0.001010980	31	0
0.000	0.296	0.001011180	31	0
0.000	0.299	0.001010980	31	0
0.000	0.302	0.001010850	31	0
0.000	0.306	0.001010860	31	0
0.000	0.309	0.001010870	31	0
0.000	0.312	0.001011261	31	0
0.000	0.315	0.001011161	31	0
0.000	0.318	0.001010850	31	0
0.000	0.321	0.001010669	31	0
0.000	0.324	0.001010750	31	0
0.000	0.328	0.001011401	31	0
0.000	0.331	0.001011181	31	0
0.000	0.334	0.001010789	31	0
0.000	0.337	0.001011151	31	0
0.000	0.340	0.001010749	31	0
0.000	0.343	0.001011201	31	0
0.000	0.346	0.001011622	31	0
0.000	0.350	0.001010650	31	0
0.000	0.353	0.001010580	31	0
0.000	0.356	0.001010470	31	0
0.000	0.359	0.001010599	31	0
0.000	0.362	0.001011371	31	0
0.000	0.365	0.001010430	31	0
0.000	0.369	0.001010339	31	0
0.000	0.372	0.001009027	31	0
0.000	0.375	0.001009107	31	0
0.000	0.378	0.001010158	31	0
0.000	0.381	0.001009046	31	0
0.000	0.384	0.001009107	31	0
0.000	0.387	0.001010359	31	0
0.000	0.391	0.001010389	31	0
0.000	0.394	0.001011451	31	0
0.000	0.397	0.001010269	31	0
0.000	0.400	0.001010269	31	0
