Vendor ID: 0x1b96
Device ID: 0x2751
Lane: 1
Time (%UI)	Voltage (V)	Duration (s)	Count	Pass
-40.000	0.000	0.003033772	31	0
-37.143	0.000	0.003032820	12	0
-34.286	0.000	0.003033672	5	0
-31.429	0.000	0.003032290	5	0
-28.571	0.000	1.004098914	5	0
-25.714	0.000	1.008214762	0	1
-22.857	0.000	1.008211405	0	1
-20.000	0.000	1.008207870	0	1
-17.143	0.000	1.008211125	0	1
-14.286	0.000	1.008209582	0	1
-11.429	0.000	1.008211115	0	1
-8.571	0.000	1.008114281	0	1
-5.714	0.000	1.008192750	0	1
-2.857	0.000	1.008194313	0	1
2.857	0.000	1.008207448	0	1
5.714	0.000	1.008207939	0	1
8.571	0.000	1.008150811	0	1
11.429	0.000	1.008208741	0	1
14.286	0.000	1.006199244	0	1
17.143	0.000	1.008225253	0	1
20.000	0.000	1.008216956	0	1
22.857	0.000	1.008216284	0	1
25.714	0.000	1.004108121	5	0
28.571	0.000	1.004108894	5	0
31.429	0.000	0.001014868	5	0
34.286	0.000	0.003040235	11	0
37.143	0.000	0.003038551	31	0
40.000	0.000	1.008211936	0	1
0.000	-0.120	0.003041116	7	0
0.000	-0.118	0.003039463	7	0
0.000	-0.116	0.003038011	5	0
0.000	-0.114	0.003037239	5	0
0.000	-0.112	0.003035566	5	0
0.000	-0.111	0.003037259	6	0
0.000	-0.109	1.002081272	6	0
0.000	-0.107	1.002085891	5	0
0.000	-0.105	0.003041317	5	0
0.000	-0.103	0.003039363	5	0
0.000	-0.101	0.003038501	5	0
0.000	-0.099	0.003036898	5	0
0.000	-0.098	1.004107110	5	0
0.000	-0.096	1.004112500	5	0
0.000	-0.094	1.004115706	5	0
0.000	-0.092	1.004111930	5	0
0.000	-0.090	1.004112269	5	0
0.000	-0.088	1.004110787	5	0
0.000	-0.086	1.002084969	5	0
0.000	-0.084	1.004113962	5	0
0.000	-0.082	1.008218609	1	1
0.000	-0.081	1.008210834	0	1
0.000	-0.079	1.006191108	0	1
0.000	-0.077	1.008214822	2	1
0.000	-0.075	1.008216596	0	1
0.000	-0.073	1.008216656	0	1
0.000	-0.071	1.008199653	0	1
0.000	-0.069	1.008214011	0	1
0.000	-0.068	1.008217176	0	1
0.000	-0.066	1.008215684	0	1
0.000	-0.064	1.008214221	0	1
0.000	-0.062	1.008223028	0	1
0.000	-0.060	1.008227856	0	1
0.000	-0.058	1.008218258	0	1
0.000	-0.056	1.008218409	0	1
0.000	-0.054	1.008217918	0	1
0.000	-0.052	1.008216175	0	1
0.000	-0.051	1.008215242	0	1
0.000	-0.049	1.008217116	0	1
0.000	-0.047	1.008214771	0	1
0.000	-0.045	1.008216396	0	1
0.000	-0.043	1.008213810	0	1
0.000	-0.041	1.008217978	0	1
0.000	-0.039	1.008216546	0	1
0.000	-0.037	1.008210123	0	1
0.000	-0.036	1.008217878	0	1
0.000	-0.034	1.008214542	0	1
0.000	-0.032	1.008215804	0	1
0.000	-0.030	1.008217687	0	1
0.000	-0.028	1.008215914	0	1
0.000	-0.026	1.008193052	0	1
0.000	-0.024	1.008217157	0	1
0.000	-0.022	1.008216996	0	1
0.000	-0.021	1.008217748	0	1
0.000	-0.019	1.008216816	0	1
0.000	-0.017	1.008215143	0	1
0.000	-0.015	1.008216045	0	1
0.000	-0.013	1.008210894	0	1
0.000	-0.011	1.008212317	0	1
0.000	-0.009	1.008214842	0	1
0.000	-0.007	1.008218710	0	1
0.000	-0.006	1.008212778	0	1
0.000	-0.004	1.008210133	0	1
0.000	-0.002	1.008211436	0	1
0.000	0.002	1.006190757	0	1
0.000	0.004	1.008211436	0	1
0.000	0.006	1.008211796	0	1
0.000	0.007	1.008214201	0	1
0.000	0.009	1.008194033	0	1
0.000	0.011	1.008190485	0	1
0.000	0.013	1.008207808	0	1
0.000	0.015	1.008200385	0	1
0.000	0.017	1.008193051	0	1
0.000	0.019	1.008208159	0	1
0.000	0.021	1.008210023	0	1
0.000	0.022	1.008212958	0	1
0.000	0.024	1.008210575	0	1
0.000	0.026	1.008185577	0	1
0.000	0.028	1.008205193	0	1
0.000	0.030	1.008193181	0	1
0.000	0.032	1.008193251	0	1
0.000	0.034	1.008173553	0	1
0.000	0.036	1.008188933	0	1
0.000	0.037	1.006184705	0	1
0.000	0.039	1.008170037	0	1
0.000	0.041	1.008186969	0	1
0.000	0.043	1.006167042	0	1
0.000	0.045	1.006169818	0	1
0.000	0.047	1.008191127	0	1
0.000	0.049	1.008175678	0	1
0.000	0.051	1.008167162	0	1
0.000	0.052	1.008213119	0	1
0.000	0.054	1.008220583	0	1
0.000	0.056	1.008215033	0	1
0.000	0.058	1.008217797	0	1
0.000	0.060	1.008204021	0	1
0.000	0.062	1.008211375	0	1
0.000	0.064	1.008214462	0	1
0.000	0.066	1.008213360	0	1
0.000	0.068	1.008213019	0	1
0.000	0.069	1.008214231	0	1
0.000	0.071	1.008214171	0	1
0.000	0.073	1.008217277	0	1
0.000	0.075	1.006189636	0	1
0.000	0.077	1.008214121	0	1
0.000	0.079	1.008207829	0	1
0.000	0.081	1.008181499	0	1
0.000	0.082	1.008203861	0	1
0.000	0.084	1.008215583	0	1
0.000	0.086	1.008217126	0	1
0.000	0.088	1.008215123	0	1
0.000	0.090	1.006186169	0	1
0.000	0.092	1.008218079	4	1
0.000	0.094	1.008215534	1	1
0.000	0.096	1.008215894	2	1
0.000	0.098	1.004109305	5	0
0.000	0.099	1.004109846	5	0
0.000	0.101	1.004110005	5	0
0.000	0.103	1.004111688	5	0
0.000	0.105	1.002086612	5	0
0.000	0.107	0.003041557	5	0
0.000	0.109	0.003039894	5	0
0.000	0.111	0.003039523	5	0
0.000	0.112	0.003037850	5	0
0.000	0.114	0.003036317	5	0
0.000	0.116	0.003035646	5	0
0.000	0.118	0.003035115	5	0
0.000	0.120	0.003034073	6	0
