Vendor ID: 0x1022
Device ID: 0x153e
Lane: 1
Time (%UI)	Voltage (V)	Duration (s)	Count	Pass
-25.000	0.000	1.006188003	2	1
-23.438	0.000	1.006184065	4	1
-21.875	0.000	1.006183724	0	1
-20.312	0.000	1.006186028	0	1
-18.750	0.000	1.006185136	0	1
-17.188	0.000	1.006183884	0	1
-15.625	0.000	1.006185828	0	1
-14.062	0.000	1.006184315	0	1
-12.500	0.000	1.006186599	0	1
-10.938	0.000	1.006174527	0	1
-9.375	0.000	1.006184125	0	1
-7.812	0.000	1.006185998	0	1
-6.250	0.000	1.006189175	0	1
-4.688	0.000	1.006186580	0	1
-3.125	0.000	1.006185156	0	1
-1.562	0.000	1.006184105	0	1
1.562	0.000	1.006187592	0	1
3.125	0.000	1.006185999	0	1
4.688	0.000	1.006184165	0	1
6.250	0.000	1.006185147	0	1
7.812	0.000	1.006183454	0	1
9.375	0.000	1.006189114	0	1
10.938	0.000	1.006188093	0	1
12.500	0.000	1.006188523	0	1
14.062	0.000	1.006184515	0	1
15.625	0.000	1.006191599	0	1
17.188	0.000	1.006185948	1	1
18.750	0.000	1.006185968	4	1
20.312	0.000	1.002085500	5	0
21.875	0.000	1.002092083	5	0
23.438	0.000	1.002084258	5	0
25.000	0.000	1.002083466	5	0
0.000	-0.130	1.002082755	5	0
0.000	-0.126	1.002083706	5	0
0.000	-0.121	1.002083186	5	0
0.000	-0.117	1.002082384	5	0
0.000	-0.112	1.002082495	5	0
0.000	-0.108	1.002082945	5	0
0.000	-0.103	1.002082545	5	0
0.000	-0.099	1.006186569	2	1
0.000	-0.094	1.006178073	0	1
0.000	-0.090	1.006187121	0	1
0.000	-0.085	1.006183604	0	1
0.000	-0.081	1.006190057	0	1
0.000	-0.076	1.006187120	0	1
0.000	-0.072	1.006190296	0	1
0.000	-0.067	1.006187332	0	1
0.000	-0.063	1.006192310	0	1
0.000	-0.058	1.006181760	0	1
0.000	-0.054	1.006187281	0	1
0.000	-0.049	1.006181440	0	1
0.000	-0.045	1.006185337	0	1
0.000	-0.040	1.006183043	0	1
0.000	-0.036	1.006182061	0	1
0.000	-0.031	1.006159609	0	1
0.000	-0.027	1.006158546	0	1
0.000	-0.022	1.006185437	0	1
0.000	-0.018	1.006186499	0	1
0.000	-0.013	1.006187211	0	1
0.000	-0.009	1.006182231	0	1
0.000	-0.004	1.006182603	0	1
0.000	0.004	1.006181901	0	1
0.000	0.009	1.006186810	0	1
0.000	0.013	1.006184816	0	1
0.000	0.018	1.006180738	0	1
0.000	0.022	1.006184486	0	1
0.000	0.027	1.006189165	0	1
0.000	0.031	1.006182151	0	1
0.000	0.036	1.006182031	0	1
0.000	0.040	1.006182853	0	1
0.000	0.045	1.006158306	0	1
0.000	0.049	1.006179126	0	1
0.000	0.054	1.006181830	0	1
0.000	0.058	1.006182212	0	1
0.000	0.063	1.006179325	0	1
0.000	0.067	1.006184095	0	1
0.000	0.072	1.006180698	0	1
0.000	0.076	1.006181961	0	1
0.000	0.081	1.006183854	0	1
0.000	0.085	1.006227137	0	1
0.000	0.090	1.006175699	0	1
0.000	0.094	1.006181740	2	1
0.000	0.099	1.002078587	5	0
0.000	0.103	1.006163315	3	1
0.000	0.108	1.002079989	5	0
0.000	0.112	1.002081643	5	0
0.000	0.117	1.002079689	5	0
0.000	0.121	1.002081062	5	0
0.000	0.126	1.002077875	5	0
0.000	0.130	1.002079569	5	0
