Vendor ID: 0x1022
Device ID: 0x153e
Lane: 1
Time (%UI)	Voltage (V)	Duration (s)	Count	Pass
-25.000	0.000	1.002081353	5	0
-23.438	0.000	1.002081942	5	0
-21.875	0.000	1.006179195	2	1
-20.312	0.000	1.006089806	2	1
-18.750	0.000	1.006177071	0	1
-17.188	0.000	1.006178955	0	1
-15.625	0.000	1.006180989	0	1
-14.062	0.000	1.006180098	0	1
-12.500	0.000	1.006153196	0	1
-10.938	0.000	1.006158105	0	1
-9.375	0.000	1.006183504	0	1
-7.812	0.000	1.006195187	0	1
-6.250	0.000	1.006185829	0	1
-4.688	0.000	1.006157674	0	1
-3.125	0.000	1.006181921	0	1
-1.562	0.000	1.006180679	0	1
1.562	0.000	1.006183674	0	1
3.125	0.000	1.006183484	0	1
4.688	0.000	1.006158797	0	1
6.250	0.000	1.006183875	0	1
7.812	0.000	1.006185197	0	1
9.375	0.000	1.006184216	0	1
10.938	0.000	1.006182131	0	1
12.500	0.000	1.006167313	0	1
14.062	0.000	1.006179105	0	1
15.625	0.000	1.006184025	0	1
17.188	0.000	1.006171250	0	1
18.750	0.000	1.002071554	5	0
20.312	0.000	1.002070311	5	0
21.875	0.000	1.002054801	5	0
23.438	0.000	1.002068538	5	0
25.000	0.000	1.002078166	5	0
0.000	-0.130	1.002068948	5	0
0.000	-0.126	1.002065561	5	0
0.000	-0.121	1.002067536	5	0
0.000	-0.117	1.002079669	5	0
0.000	-0.112	1.002084928	5	0
0.000	-0.108	1.002084639	5	0
0.000	-0.103	1.002082375	5	0
0.000	-0.099	1.002082194	5	0
0.000	-0.094	1.002083356	5	0
0.000	-0.090	1.006184516	2	1
0.000	-0.085	1.006185177	0	1
0.000	-0.081	1.006179797	0	1
0.000	-0.076	1.006184836	0	1
0.000	-0.072	1.006182882	0	1
0.000	-0.067	1.006185216	0	1
0.000	-0.063	1.006183464	0	1
0.000	-0.058	1.006181109	0	1
0.000	-0.054	1.006186449	0	1
0.000	-0.049	1.006186690	0	1
0.000	-0.045	1.006184466	0	1
0.000	-0.040	1.006184045	0	1
0.000	-0.036	1.006188843	0	1
0.000	-0.031	1.006184315	0	1
0.000	-0.027	1.006184606	0	1
0.000	-0.022	1.006196208	0	1
0.000	-0.018	1.006188123	0	1
0.000	-0.013	1.006191660	0	1
0.000	-0.009	1.006181229	0	1
0.000	-0.004	1.006181420	0	1
0.000	0.004	1.006182833	0	1
0.000	0.009	1.006181770	0	1
0.000	0.013	1.006182171	0	1
0.000	0.018	1.006183093	0	1
0.000	0.022	1.006185808	0	1
0.000	0.027	1.006182682	0	1
0.000	0.031	1.006181992	0	1
0.000	0.036	1.006183534	0	1
0.000	0.040	1.006186679	0	1
0.000	0.045	1.006184144	0	1
0.000	0.049	1.006179376	0	1
0.000	0.054	1.006159007	0	1
0.000	0.058	1.006143798	0	1
0.000	0.063	1.006159308	0	1
0.000	0.067	1.006166231	0	1
0.000	0.072	1.006156171	0	1
0.000	0.076	1.006156112	0	1
0.000	0.081	1.006166552	0	1
0.000	0.085	1.006164237	0	1
0.000	0.090	1.006161552	0	1
0.000	0.094	1.006181601	0	1
0.000	0.099	1.002081322	5	0
0.000	0.103	1.002072966	5	0
0.000	0.108	1.002072495	5	0
0.000	0.112	1.002080911	5	0
0.000	0.117	1.002081763	5	0
0.000	0.121	1.002075080	5	0
0.000	0.126	1.002076362	5	0
0.000	0.130	1.002071694	5	0
