Vendor ID: 0x25e
Device ID: 0x2b59
Lane: 1
Time (%UI)	Voltage (V)	Duration (s)	Count	Pass
-50.000	0.000	0.001029476	5	0
-48.276	0.000	0.001013916	5	0
-46.552	0.000	0.001015308	5	0
-44.828	0.000	0.001013505	5	0
-43.103	0.000	0.001010950	5	0
-41.379	0.000	0.001015128	5	0
-39.655	0.000	0.001010819	5	0
-37.931	0.000	0.001008255	5	0
-36.207	0.000	0.001016461	5	0
-34.483	0.000	0.001011311	5	0
-32.759	0.000	0.001011611	5	0
-31.034	0.000	0.001017492	5	0
-29.310	0.000	0.001035226	5	0
-27.586	0.000	1.002076562	5	0
-25.862	0.000	0.001716109	5	0
-24.138	0.000	1.002069519	5	0
-22.414	0.000	1.002077014	5	0
-20.690	0.000	1.002084629	5	0
-18.966	0.000	1.002090339	5	0
-17.241	0.000	1.006156692	1	1
-15.517	0.000	1.006184015	1	1
-13.793	0.000	1.006188684	1	1
-12.069	0.000	1.006185046	0	1
-10.345	0.000	1.006184775	0	1
-8.621	0.000	1.006188143	0	1
-6.897	0.000	1.006184205	0	1
-5.172	0.000	1.006184445	0	1
-3.448	0.000	1.006185968	0	1
-1.724	0.000	1.006184145	0	1
1.724	0.000	1.006184135	0	1
3.448	0.000	1.006183164	0	1
5.172	0.000	1.006183653	0	1
6.897	0.000	1.006177243	0	1
8.621	0.000	1.006181630	0	1
10.345	0.000	1.006182502	0	1
12.069	0.000	1.006186008	0	1
13.793	0.000	1.006180879	0	1
15.517	0.000	1.006182662	0	1
17.241	0.000	1.006178774	0	1
18.966	0.000	1.006189075	1	1
20.690	0.000	1.006174537	1	1
22.414	0.000	1.002081663	5	0
24.138	0.000	1.002477534	5	0
25.862	0.000	1.002084047	5	0
27.586	0.000	1.002078327	5	0
29.310	0.000	1.002082003	5	0
31.034	0.000	1.002129292	5	0
32.759	0.000	0.001014958	5	0
34.483	0.000	0.001321811	5	0
36.207	0.000	0.001087376	5	0
37.931	0.000	0.001320018	5	0
39.655	0.000	0.001316260	5	0
41.379	0.000	0.001307834	5	0
43.103	0.000	0.001315228	5	0
44.828	0.000	0.001311321	5	0
46.552	0.000	0.001316701	5	0
48.276	0.000	0.001315239	5	0
50.000	0.000	0.001316040	5	0
0.000	-0.080	1.002025676	5	0
0.000	-0.077	1.002030235	5	0
0.000	-0.075	1.006070549	4	1
0.000	-0.072	1.002033921	5	0
0.000	-0.070	1.006074927	3	1
0.000	-0.068	1.006075548	1	1
0.000	-0.065	1.006073685	0	1
0.000	-0.062	1.006073465	1	1
0.000	-0.060	1.006074808	0	1
0.000	-0.058	1.006072684	0	1
0.000	-0.055	1.006073675	0	1
0.000	-0.052	1.006073616	0	1
0.000	-0.050	1.006070599	0	1
0.000	-0.048	1.006072322	0	1
0.000	-0.045	1.006071712	0	1
0.000	-0.043	1.006071991	0	1
0.000	-0.040	1.006071621	0	1
0.000	-0.037	1.006073475	0	1
0.000	-0.035	1.006072523	0	1
0.000	-0.033	1.006069477	0	1
0.000	-0.030	1.006068876	0	1
0.000	-0.028	1.006069928	0	1
0.000	-0.025	1.006070118	0	1
0.000	-0.022	1.006074717	0	1
0.000	-0.020	1.006072092	0	1
0.000	-0.018	1.006072352	0	1
0.000	-0.015	1.006074997	0	1
0.000	-0.013	1.006072623	0	1
0.000	-0.010	1.006075970	0	1
0.000	-0.007	1.006073545	0	1
0.000	-0.005	1.006074716	0	1
0.000	-0.003	1.006076039	0	1
0.000	0.003	1.006077092	0	1
0.000	0.005	1.006074396	0	1
0.000	0.007	1.006077912	0	1
0.000	0.010	1.006073616	0	1
0.000	0.013	1.006070860	0	1
0.000	0.015	1.006069697	0	1
0.000	0.018	1.006072533	0	1
0.000	0.020	1.006074637	0	1
0.000	0.022	1.006073084	0	1
0.000	0.025	1.006072584	0	1
0.000	0.028	1.006077683	0	1
0.000	0.030	1.006076531	0	1
0.000	0.033	1.006071952	0	1
0.000	0.035	1.006073034	0	1
0.000	0.037	1.006071461	0	1
0.000	0.040	1.006129991	0	1
0.000	0.043	1.006074256	0	1
0.000	0.045	1.006072313	0	1
0.000	0.048	1.006070830	0	1
0.000	0.050	1.006073865	0	1
0.000	0.052	1.006070228	0	1
0.000	0.055	1.006068887	0	1
0.000	0.058	1.006073495	0	1
0.000	0.060	1.006070068	0	1
0.000	0.062	1.006069767	1	1
0.000	0.065	1.006063015	0	1
0.000	0.068	1.006069788	0	1
0.000	0.070	1.006069317	0	1
0.000	0.072	1.006069367	3	1
0.000	0.075	1.006072953	4	1
0.000	0.077	1.002028261	5	0
0.000	0.080	1.002028752	5	0
