Vendor ID: 0x1022
Device ID: 0x153e
Lane: 1
Time (%UI)	Voltage (V)	Duration (s)	Count	Pass
-25.000	0.000	1.002077325	5	0
-23.438	0.000	1.002082273	5	0
-21.875	0.000	1.002087714	5	0
-20.312	0.000	1.006183824	2	1
-18.750	0.000	1.006183524	0	1
-17.188	0.000	1.006182823	0	1
-15.625	0.000	1.006183234	0	1
-14.062	0.000	1.006184927	0	1
-12.500	0.000	1.006186500	0	1
-10.938	0.000	1.006183704	0	1
-9.375	0.000	1.006182662	0	1
-7.812	0.000	1.006184155	0	1
-6.250	0.000	1.006179396	0	1
-4.688	0.000	1.006181149	0	1
-3.125	0.000	1.006180869	0	1
-1.562	0.000	1.006183284	0	1
1.562	0.000	1.006182391	0	1
3.125	0.000	1.006170168	0	1
4.688	0.000	1.006183354	0	1
6.250	0.000	1.006183694	0	1
7.812	0.000	1.006184597	0	1
9.375	0.000	1.006184566	0	1
10.938	0.000	1.006181580	0	1
12.500	0.000	1.006184386	0	1
14.062	0.000	1.006185328	1	1
15.625	0.000	1.002087713	5	0
17.188	0.000	1.002083276	5	0
18.750	0.000	1.002082084	5	0
20.312	0.000	1.002081192	5	0
21.875	0.000	1.002080741	5	0
23.438	0.000	1.002075201	5	0
25.000	0.000	1.002075009	5	0
0.000	-0.130	1.004105596	5	0
0.000	-0.126	1.004110887	5	0
0.000	-0.121	1.002082013	5	0
0.000	-0.117	1.004109074	5	0
0.000	-0.112	1.002081482	5	0
0.000	-0.108	1.002091982	5	0
0.000	-0.103	1.002092653	5	0
0.000	-0.099	1.002087734	5	0
0.000	-0.094	1.002084077	5	0
0.000	-0.090	1.006184285	1	1
0.000	-0.085	1.006187722	3	1
0.000	-0.081	1.006186699	0	1
0.000	-0.076	1.006183143	0	1
0.000	-0.072	1.006180829	0	1
0.000	-0.067	1.006182352	0	1
0.000	-0.063	1.006184065	0	1
0.000	-0.058	1.006181169	0	1
0.000	-0.054	1.006181830	0	1
0.000	-0.049	1.006183304	0	1
0.000	-0.045	1.006180899	0	1
0.000	-0.040	1.006182281	0	1
0.000	-0.036	1.006187892	0	1
0.000	-0.031	1.006180067	0	1
0.000	-0.027	1.006181510	0	1
0.000	-0.022	1.006185908	0	1
0.000	-0.018	1.006185368	0	1
0.000	-0.013	1.006188092	0	1
0.000	-0.009	1.006187331	0	1
0.000	-0.004	1.006183053	0	1
0.000	0.004	1.006183423	0	1
0.000	0.009	1.006156713	0	1
0.000	0.013	1.006180298	0	1
0.000	0.018	1.006182903	0	1
0.000	0.022	1.006180198	0	1
0.000	0.027	1.006187552	0	1
0.000	0.031	1.006185308	0	1
0.000	0.036	1.006180268	0	1
0.000	0.040	1.006180598	0	1
0.000	0.045	1.006180938	0	1
0.000	0.049	1.006179828	0	1
0.000	0.054	1.006183774	0	1
0.000	0.058	1.006186220	0	1
0.000	0.063	1.006185156	0	1
0.000	0.067	1.006188473	0	1
0.000	0.072	1.006186349	1	1
0.000	0.076	1.006181710	0	1
0.000	0.081	1.006181330	3	1
0.000	0.085	1.002090068	5	0
0.000	0.090	1.002083566	5	0
0.000	0.094	1.002083166	5	0
0.000	0.099	1.002081151	5	0
0.000	0.103	1.002082363	5	0
0.000	0.108	1.002080941	5	0
0.000	0.112	1.002079839	5	0
0.000	0.117	1.002078647	5	0
0.000	0.121	1.002082134	5	0
0.000	0.126	1.004088894	5	0
0.000	0.130	1.002076102	5	0
