Vendor ID: 0x1344
Device ID: 0x51bb
Lane: 2
Time (%UI)	Voltage (V)	Duration (s)	Count	Pass
-40.000	0.000	1.006173204	0	1
-37.500	0.000	1.008201547	0	1
-35.000	0.000	1.008200345	0	1
-32.500	0.000	0.003039443	31	0
-30.000	0.000	0.001013095	26	0
-27.500	0.000	0.003036638	5	0
-25.000	0.000	0.001012383	6	0
-22.500	0.000	0.003035245	5	0
-20.000	0.000	1.004099306	5	0
-17.500	0.000	1.008201437	0	1
-15.000	0.000	1.008196507	0	1
-12.500	0.000	1.006175129	0	1
-10.000	0.000	1.008196166	0	1
-7.500	0.000	1.008197159	0	1
-5.000	0.000	1.008201477	0	1
-2.500	0.000	1.008162703	0	1
2.500	0.000	1.008189394	0	1
5.000	0.000	1.008199964	0	1
7.500	0.000	1.008203671	0	1
10.000	0.000	1.006168295	0	1
12.500	0.000	1.006170158	0	1
15.000	0.000	1.008196247	0	1
17.500	0.000	1.002076613	5	0
20.000	0.000	1.002077154	5	0
22.500	0.000	0.003040595	5	0
25.000	0.000	0.003038051	5	0
27.500	0.000	0.003037940	9	0
30.000	0.000	0.003036547	5	0
32.500	0.000	0.003035976	12	0
35.000	0.000	0.003036427	31	0
37.500	0.000	1.006172944	0	1
40.000	0.000	1.006159728	0	1
0.000	-0.100	0.003034424	10	0
0.000	-0.098	0.003033872	10	0
0.000	-0.097	0.003034444	5	0
0.000	-0.095	0.003033111	5	0
0.000	-0.094	0.003032540	5	0
0.000	-0.092	0.003030757	5	0
0.000	-0.091	0.003030787	5	0
0.000	-0.089	0.003030056	5	0
0.000	-0.088	0.003030116	5	0
0.000	-0.086	0.003031328	5	0
0.000	-0.084	1.002075471	5	0
0.000	-0.083	0.003040174	5	0
0.000	-0.081	1.002078838	5	0
0.000	-0.080	0.003039103	5	0
0.000	-0.078	1.004099535	5	0
0.000	-0.077	1.004100457	5	0
0.000	-0.075	1.004106078	5	0
0.000	-0.073	1.004107440	5	0
0.000	-0.072	1.004108433	5	0
0.000	-0.070	1.002078046	5	0
0.000	-0.069	1.004104805	5	0
0.000	-0.067	1.004107090	5	0
0.000	-0.066	1.008204793	3	1
0.000	-0.064	1.008200936	1	1
0.000	-0.062	1.006172793	0	1
0.000	-0.061	1.008197780	0	1
0.000	-0.059	1.008200555	0	1
0.000	-0.058	1.008202549	0	1
0.000	-0.056	1.008204822	0	1
0.000	-0.055	1.008203671	0	1
0.000	-0.053	1.008201757	0	1
0.000	-0.052	1.008200845	0	1
0.000	-0.050	1.006175578	0	1
0.000	-0.048	1.008209521	0	1
0.000	-0.047	1.008201396	0	1
0.000	-0.045	1.008204232	0	1
0.000	-0.044	1.008207308	0	1
0.000	-0.042	1.008206676	0	1
0.000	-0.041	1.008202910	0	1
0.000	-0.039	1.006176772	0	1
0.000	-0.038	1.006181249	0	1
0.000	-0.036	1.008204432	0	1
0.000	-0.034	1.008204402	0	1
0.000	-0.033	1.006171050	0	1
0.000	-0.031	1.008189004	0	1
0.000	-0.030	1.008191889	0	1
0.000	-0.028	1.006167103	0	1
0.000	-0.027	1.008190657	0	1
0.000	-0.025	1.008189614	0	1
0.000	-0.023	1.006169788	0	1
0.000	-0.022	1.008189894	0	1
0.000	-0.020	1.008161351	0	1
0.000	-0.019	1.006167663	0	1
0.000	-0.017	1.008160018	0	1
0.000	-0.016	1.008192539	0	1
0.000	-0.014	1.006152485	0	1
0.000	-0.013	1.008191708	0	1
0.000	-0.011	1.008191067	0	1
0.000	-0.009	1.006167734	0	1
0.000	-0.008	1.008189634	0	1
0.000	-0.006	1.008192851	0	1
0.000	-0.005	1.008190446	0	1
0.000	-0.003	1.006171341	0	1
0.000	-0.002	1.006166993	0	1
0.000	0.002	1.008191226	0	1
0.000	0.003	1.006166362	0	1
0.000	0.005	1.006169286	0	1
0.000	0.006	1.006167644	0	1
0.000	0.008	1.008191918	0	1
0.000	0.009	1.006166551	0	1
0.000	0.011	1.008192310	0	1
0.000	0.013	1.006166962	0	1
0.000	0.014	1.006168395	0	1
0.000	0.016	1.008190696	0	1
0.000	0.017	1.006170720	0	1
0.000	0.019	1.008190716	0	1
0.000	0.020	1.008193942	0	1
0.000	0.022	1.008191608	0	1
0.000	0.023	1.008173043	0	1
0.000	0.025	1.008188773	0	1
0.000	0.027	1.008198642	0	1
0.000	0.028	1.008190616	0	1
0.000	0.030	1.006115183	0	1
0.000	0.031	1.008190595	0	1
0.000	0.033	1.006128520	0	1
0.000	0.034	1.008191097	0	1
0.000	0.036	1.008189183	0	1
0.000	0.038	1.006167733	0	1
0.000	0.039	1.008189414	0	1
0.000	0.041	1.008192460	0	1
0.000	0.042	1.008155099	0	1
0.000	0.044	1.006165590	0	1
0.000	0.045	1.008191158	0	1
0.000	0.047	1.008192440	0	1
0.000	0.048	1.006172663	1	1
0.000	0.050	1.008198642	0	1
0.000	0.052	1.006173224	0	1
0.000	0.053	1.008196999	0	1
0.000	0.055	1.006171942	0	1
0.000	0.056	1.008200034	4	1
0.000	0.058	1.004098885	5	0
0.000	0.059	1.004098263	5	0
0.000	0.061	1.004102691	5	0
0.000	0.062	1.002094617	5	0
0.000	0.064	1.004115094	5	0
0.000	0.066	1.002081182	5	0
0.000	0.067	1.004107710	5	0
0.000	0.069	1.004121928	5	0
0.000	0.070	1.004109726	5	0
0.000	0.072	1.002084067	5	0
0.000	0.073	1.004109534	5	0
0.000	0.075	0.003040235	5	0
0.000	0.077	1.002083856	5	0
0.000	0.078	0.003042980	5	0
0.000	0.080	0.003040205	5	0
0.000	0.081	0.003037920	5	0
0.000	0.083	1.002098125	5	0
0.000	0.084	0.003041206	5	0
0.000	0.086	1.002090039	5	0
0.000	0.088	0.003054892	6	0
0.000	0.089	0.003046907	5	0
0.000	0.091	0.003038481	5	0
0.000	0.092	0.003036067	5	0
0.000	0.094	0.003035396	5	0
0.000	0.095	0.003035796	6	0
0.000	0.097	0.003034183	5	0
0.000	0.098	0.003033592	5	0
0.000	0.100	0.003033362	7	0
