Vendor ID: 0x1022
Device ID: 0x153e
Lane: 1
Time (%UI)	Voltage (V)	Duration (s)	Count	Pass
-25.000	0.000	1.002029925	5	0
-23.438	0.000	1.006072733	1	1
-21.875	0.000	1.006069898	0	1
-20.312	0.000	1.006070890	0	1
-18.750	0.000	1.006070529	0	1
-17.188	0.000	1.006069567	0	1
-15.625	0.000	1.006065439	0	1
-14.062	0.000	1.006072673	0	1
-12.500	0.000	1.006074507	0	1
-10.938	0.000	1.006069226	0	1
-9.375	0.000	1.006071922	0	1
-7.812	0.000	1.006071461	0	1
-6.250	0.000	1.006067433	0	1
-4.688	0.000	1.006069727	0	1
-3.125	0.000	1.006068895	0	1
-1.562	0.000	1.006068946	0	1
1.562	0.000	1.006068335	0	1
3.125	0.000	1.006069197	0	1
4.688	0.000	1.006069156	0	1
6.250	0.000	1.006069948	0	1
7.812	0.000	1.006069979	0	1
9.375	0.000	1.006070689	0	1
10.938	0.000	1.006072713	0	1
12.500	0.000	1.006069818	0	1
14.062	0.000	1.006071831	0	1
15.625	0.000	1.006071160	0	1
17.188	0.000	1.006070378	0	1
18.750	0.000	1.006067894	0	1
20.312	0.000	1.006069587	0	1
21.875	0.000	1.006067664	0	1
23.438	0.000	1.006068566	0	1
25.000	0.000	1.006069908	0	1
0.000	-0.130	1.006067855	0	1
0.000	-0.126	1.006067123	0	1
0.000	-0.121	1.006066752	0	1
0.000	-0.117	1.006066061	0	1
0.000	-0.112	1.006067102	0	1
0.000	-0.108	1.006066783	0	1
0.000	-0.103	1.006070478	0	1
0.000	-0.099	1.006068876	0	1
0.000	-0.094	1.006070137	0	1
0.000	-0.090	1.006072874	0	1
0.000	-0.085	1.006068676	0	1
0.000	-0.081	1.006068686	0	1
0.000	-0.076	1.006073345	0	1
0.000	-0.072	1.006072353	0	1
0.000	-0.067	1.006076090	0	1
0.000	-0.063	1.006069478	0	1
0.000	-0.058	1.006069597	0	1
0.000	-0.054	1.006068274	0	1
0.000	-0.049	1.006069628	0	1
0.000	-0.045	1.006067824	0	1
0.000	-0.040	1.006067293	0	1
0.000	-0.036	1.006068195	0	1
0.000	-0.031	1.006068516	0	1
0.000	-0.027	1.006071502	0	1
0.000	-0.022	1.006073434	0	1
0.000	-0.018	1.006069597	0	1
0.000	-0.013	1.006073294	0	1
0.000	-0.009	1.006072192	0	1
0.000	-0.004	1.006070108	0	1
0.000	0.004	1.006077652	0	1
0.000	0.009	1.006071600	0	1
0.000	0.013	1.006075198	0	1
0.000	0.018	1.006068575	0	1
0.000	0.022	1.006074096	0	1
0.000	0.027	1.006071771	0	1
0.000	0.031	1.006069486	0	1
0.000	0.036	1.006071391	0	1
0.000	0.040	1.006070029	0	1
0.000	0.045	1.006068375	0	1
0.000	0.049	1.006072442	0	1
0.000	0.054	1.006072423	0	1
0.000	0.058	1.006068515	0	1
0.000	0.063	1.006078023	0	1
0.000	0.067	1.006072172	0	1
0.000	0.072	1.006081440	0	1
0.000	0.076	1.006071520	0	1
0.000	0.081	1.006076952	0	1
0.000	0.085	1.006074788	0	1
0.000	0.090	1.006071210	0	1
0.000	0.094	1.006071911	0	1
0.000	0.099	1.006074026	0	1
0.000	0.103	1.006073775	0	1
0.000	0.108	1.006071391	0	1
0.000	0.112	1.006073504	0	1
0.000	0.117	1.006198261	0	1
0.000	0.121	1.006157665	0	1
0.000	0.126	1.006173665	0	1
0.000	0.130	1.006173054	0	1
