Vendor ID: 0x1022
Device ID: 0x153e
Lane: 0
Time (%UI)	Voltage (V)	Duration (s)	Count	Pass
-25.000	0.000	1.002074058	5	0
-23.438	0.000	1.002080190	5	0
-21.875	0.000	1.002080490	5	0
-20.312	0.000	1.006175378	3	1
-18.750	0.000	1.006176261	0	1
-17.188	0.000	1.006176100	0	1
-15.625	0.000	1.006178805	0	1
-14.062	0.000	1.006175960	0	1
-12.500	0.000	1.006176350	0	1
-10.938	0.000	1.006167634	0	1
-9.375	0.000	1.006173275	0	1
-7.812	0.000	1.006176450	0	1
-6.250	0.000	1.006112750	0	1
-4.688	0.000	1.006175619	0	1
-3.125	0.000	1.006175890	0	1
-1.562	0.000	1.006175760	0	1
1.562	0.000	1.006176971	0	1
3.125	0.000	1.006141975	0	1
4.688	0.000	1.006172584	0	1
6.250	0.000	1.006171811	0	1
7.812	0.000	1.006193613	0	1
9.375	0.000	1.006172463	0	1
10.938	0.000	1.006160600	0	1
12.500	0.000	1.006178975	0	1
14.062	0.000	1.006182472	0	1
15.625	0.000	1.006182361	2	1
17.188	0.000	1.002082525	5	0
18.750	0.000	1.002075300	5	0
20.312	0.000	1.002076383	5	0
21.875	0.000	1.002081863	5	0
23.438	0.000	1.002081663	5	0
25.000	0.000	0.027341203	5	0
