Vendor ID: 0x1344
Device ID: 0x51bb
Lane: 1
Time (%UI)	Voltage (V)	Duration (s)	Count	Pass
-40.000	0.000	1.006177603	0	1
-37.500	0.000	1.008207989	0	1
-35.000	0.000	1.008198611	0	1
-32.500	0.000	1.008203260	0	1
-30.000	0.000	0.001014037	31	0
-27.500	0.000	0.003039433	21	0
-25.000	0.000	0.001013044	6	0
-22.500	0.000	1.002078026	5	0
-20.000	0.000	1.004103573	5	0
-17.500	0.000	1.004104966	5	0
-15.000	0.000	1.008207368	1	1
-12.500	0.000	1.008204483	0	1
-10.000	0.000	1.006181099	0	1
-7.500	0.000	1.008204142	0	1
-5.000	0.000	1.006177192	0	1
-2.500	0.000	1.006179636	0	1
2.500	0.000	1.008207148	0	1
5.000	0.000	1.008112418	0	1
7.500	0.000	1.008190986	0	1
10.000	0.000	1.006178073	0	1
12.500	0.000	1.006175017	0	1
15.000	0.000	1.008200635	0	1
17.500	0.000	1.006174537	4	1
20.000	0.000	1.002077154	5	0
22.500	0.000	0.003039483	5	0
25.000	0.000	0.003037961	5	0
27.500	0.000	0.001012713	5	0
30.000	0.000	0.003035576	14	0
32.500	0.000	0.003036438	21	0
35.000	0.000	0.001011842	31	0
37.500	0.000	1.006170118	0	1
40.000	0.000	1.008199403	0	1
0.000	-0.100	0.003044593	5	0
0.000	-0.098	0.003036728	5	0
0.000	-0.097	0.001012383	5	0
0.000	-0.095	0.003034814	5	0
0.000	-0.094	0.003034183	5	0
0.000	-0.092	0.003034834	5	0
0.000	-0.091	0.003033321	5	0
0.000	-0.089	1.002074028	5	0
0.000	-0.088	1.002076322	5	0
0.000	-0.086	0.003038982	5	0
0.000	-0.084	1.004101499	5	0
0.000	-0.083	1.002075711	5	0
0.000	-0.081	1.004102622	5	0
0.000	-0.080	1.004104214	5	0
0.000	-0.078	1.004106057	5	0
0.000	-0.077	1.004102402	5	0
0.000	-0.075	1.004104825	5	0
0.000	-0.073	1.004102772	5	0
0.000	-0.072	1.004102221	5	0
0.000	-0.070	1.004103703	5	0
0.000	-0.069	1.002076412	5	0
0.000	-0.067	1.008197790	2	1
0.000	-0.066	1.008198280	2	1
0.000	-0.064	1.008199844	0	1
0.000	-0.062	1.008198110	0	1
0.000	-0.061	1.008181358	0	1
0.000	-0.059	1.008192670	0	1
0.000	-0.058	1.006173024	0	1
0.000	-0.056	1.008196097	0	1
0.000	-0.055	1.008199814	0	1
0.000	-0.053	1.008197529	0	1
0.000	-0.052	1.006174336	0	1
0.000	-0.050	1.008197660	0	1
0.000	-0.048	1.006149178	0	1
0.000	-0.047	1.008194032	0	1
0.000	-0.045	1.008197670	0	1
0.000	-0.044	1.006178244	0	1
0.000	-0.042	1.008206446	0	1
0.000	-0.041	1.006143008	0	1
0.000	-0.039	1.008185356	0	1
0.000	-0.038	1.008189394	0	1
0.000	-0.036	1.006166131	0	1
0.000	-0.034	1.008176450	0	1
0.000	-0.033	1.008179225	0	1
0.000	-0.031	1.008139438	0	1
0.000	-0.030	1.008187140	0	1
0.000	-0.028	1.008189194	0	1
0.000	-0.027	1.008192359	0	1
0.000	-0.025	1.008175658	0	1
0.000	-0.023	1.008189885	0	1
0.000	-0.022	1.006165420	0	1
0.000	-0.020	1.008191699	0	1
0.000	-0.019	1.008196718	0	1
0.000	-0.017	1.008159948	0	1
0.000	-0.016	1.006168736	0	1
0.000	-0.014	1.008178873	0	1
0.000	-0.013	1.008191919	0	1
0.000	-0.011	1.008189204	0	1
0.000	-0.009	1.008189635	0	1
0.000	-0.008	1.008191417	0	1
0.000	-0.006	1.008189004	0	1
0.000	-0.005	1.008190035	0	1
0.000	-0.003	1.006168336	0	1
0.000	-0.002	1.008189785	0	1
0.000	0.002	1.006165620	0	1
0.000	0.003	1.006167283	0	1
0.000	0.005	1.006172263	0	1
0.000	0.006	1.008192841	0	1
0.000	0.008	1.008175407	0	1
0.000	0.009	1.008193181	0	1
0.000	0.011	1.008141563	0	1
0.000	0.013	1.008193091	0	1
0.000	0.014	1.008192520	0	1
0.000	0.016	1.008191167	0	1
0.000	0.017	1.008191979	0	1
0.000	0.019	1.008193322	0	1
0.000	0.020	1.008192119	0	1
0.000	0.022	1.006166411	0	1
0.000	0.023	1.008189584	0	1
0.000	0.025	1.006167283	0	1
0.000	0.027	1.006165208	0	1
0.000	0.028	1.008175387	0	1
0.000	0.030	1.008191969	0	1
0.000	0.031	1.008145721	0	1
0.000	0.033	1.008193812	0	1
0.000	0.034	1.006165600	0	1
0.000	0.036	1.006168215	0	1
0.000	0.038	1.008155690	0	1
0.000	0.039	1.006179175	0	1
0.000	0.041	1.008214422	0	1
0.000	0.042	1.008202920	0	1
0.000	0.044	1.006176280	0	1
0.000	0.045	1.008203311	0	1
0.000	0.047	1.008202127	0	1
0.000	0.048	1.008200014	0	1
0.000	0.050	1.006176120	0	1
0.000	0.052	1.008203560	0	1
0.000	0.053	1.008201377	0	1
0.000	0.055	1.008201387	0	1
0.000	0.056	1.008196207	0	1
0.000	0.058	1.008196567	0	1
0.000	0.059	1.008200244	0	1
0.000	0.061	1.008198611	0	1
0.000	0.062	1.008199173	0	1
0.000	0.064	1.008200095	0	1
0.000	0.066	1.006176820	0	1
0.000	0.067	1.006176220	0	1
0.000	0.069	1.008200074	0	1
0.000	0.070	1.006172402	4	1
0.000	0.072	1.006174426	2	1
0.000	0.073	1.008196708	1	1
0.000	0.075	1.002077264	5	0
0.000	0.077	1.004102641	5	0
0.000	0.078	1.004101850	5	0
0.000	0.080	1.004083625	5	0
0.000	0.081	1.004090929	5	0
0.000	0.083	1.002075531	5	0
0.000	0.084	1.004101148	5	0
0.000	0.086	1.004105607	5	0
0.000	0.088	1.002078046	5	0
0.000	0.089	0.003039904	5	0
0.000	0.091	0.003038802	5	0
0.000	0.092	0.003036928	5	0
0.000	0.094	1.002078948	5	0
0.000	0.095	0.003039323	5	0
0.000	0.097	0.003037880	5	0
0.000	0.098	0.003036558	5	0
0.000	0.100	0.003035656	5	0
