Vendor ID: 0x25e
Device ID: 0x2b59
Lane: 0
Time (%UI)	Voltage (V)	Duration (s)	Count	Pass
-50.000	0.000	0.001015128	5	0
-48.276	0.000	0.001020618	5	0
-46.552	0.000	0.001014968	5	0
-44.828	0.000	0.001019156	5	0
-43.103	0.000	0.001025528	5	0
-41.379	0.000	0.001055355	5	0
-39.655	0.000	0.001011040	5	0
-37.931	0.000	0.001014086	5	0
-36.207	0.000	0.001045075	5	0
-34.483	0.000	0.001024697	5	0
-32.759	0.000	0.001014757	5	0
-31.034	0.000	1.002083426	5	0
-29.310	0.000	1.002090028	5	0
-27.586	0.000	1.002084018	5	0
-25.862	0.000	1.002080090	5	0
-24.138	0.000	1.002085910	5	0
-22.414	0.000	1.002087294	5	0
-20.690	0.000	1.006176871	2	1
-18.966	0.000	1.006179476	1	1
-17.241	0.000	1.006178122	0	1
-15.517	0.000	1.006177372	0	1
-13.793	0.000	1.006181210	0	1
-12.069	0.000	1.006168155	0	1
-10.345	0.000	1.006178313	0	1
-8.621	0.000	1.006176150	0	1
-6.897	0.000	1.006179677	0	1
-5.172	0.000	1.006175720	0	1
-3.448	0.000	1.006170369	0	1
-1.724	0.000	1.006174266	0	1
1.724	0.000	1.006180709	0	1
3.448	0.000	1.006177843	0	1
5.172	0.000	1.006180678	0	1
6.897	0.000	1.006178725	0	1
8.621	0.000	1.006185608	0	1
10.345	0.000	1.006180458	0	1
12.069	0.000	1.006181330	0	1
13.793	0.000	1.006177643	1	1
15.517	0.000	1.006184335	0	1
17.241	0.000	1.002085740	5	0
18.966	0.000	1.002078206	5	0
20.690	0.000	1.002078938	5	0
22.414	0.000	1.002078827	5	0
24.138	0.000	1.002079519	5	0
25.862	0.000	1.002079858	5	0
27.586	0.000	1.002515686	5	0
29.310	0.000	0.001016181	5	0
31.034	0.000	0.001019887	5	0
32.759	0.000	0.001017022	5	0
34.483	0.000	0.001016651	5	0
36.207	0.000	0.001136619	5	0
37.931	0.000	0.001012012	5	0
39.655	0.000	0.001615388	5	0
41.379	0.000	0.001319366	5	0
43.103	0.000	0.001317763	5	0
44.828	0.000	0.001307073	5	0
46.552	0.000	0.001317202	5	0
48.276	0.000	0.001349122	5	0
50.000	0.000	0.001247810	5	0
0.000	-0.080	1.002082634	5	0
0.000	-0.077	1.006150352	3	1
0.000	-0.075	1.002077114	5	0
0.000	-0.072	1.006178805	3	1
0.000	-0.070	1.006181279	1	1
0.000	-0.068	1.006180708	0	1
0.000	-0.065	1.006179837	1	1
0.000	-0.062	1.006176390	0	1
0.000	-0.060	1.006179746	0	1
0.000	-0.058	1.006184636	0	1
0.000	-0.055	1.006180117	0	1
0.000	-0.052	1.006180478	0	1
0.000	-0.050	1.006163416	0	1
0.000	-0.048	1.006173243	0	1
0.000	-0.045	1.006174948	0	1
0.000	-0.043	1.006175969	0	1
0.000	-0.040	1.006176460	0	1
0.000	-0.037	1.006173715	0	1
0.000	-0.035	1.006175048	0	1
0.000	-0.033	1.006176971	0	1
0.000	-0.030	1.006175568	0	1
0.000	-0.028	1.006177352	0	1
0.000	-0.025	1.006179405	0	1
0.000	-0.022	1.006176140	0	1
0.000	-0.020	1.006178564	0	1
0.000	-0.018	1.006179576	0	1
0.000	-0.015	1.006178694	0	1
0.000	-0.013	1.006175359	0	1
0.000	-0.010	1.006176931	0	1
0.000	-0.007	1.006178764	0	1
0.000	-0.005	1.006176571	0	1
0.000	-0.003	1.006176601	0	1
0.000	0.003	1.006177572	0	1
0.000	0.005	1.006175288	0	1
0.000	0.007	1.006175338	0	1
0.000	0.010	1.006177803	0	1
0.000	0.013	1.006175107	0	1
0.000	0.015	1.006176501	0	1
0.000	0.018	1.006175098	0	1
0.000	0.020	1.006177843	0	1
0.000	0.022	1.006175609	0	1
0.000	0.025	1.006176832	0	1
0.000	0.028	1.006178675	0	1
0.000	0.030	1.006176110	0	1
0.000	0.033	1.006176380	0	1
0.000	0.035	1.006179736	0	1
0.000	0.037	1.006177121	0	1
0.000	0.040	1.006178034	0	1
0.000	0.043	1.006179136	0	1
0.000	0.045	1.006177051	0	1
0.000	0.048	1.006177643	0	1
0.000	0.050	1.006176079	0	1
0.000	0.052	1.006178163	0	1
0.000	0.055	1.006176070	0	1
0.000	0.058	1.006177292	0	1
0.000	0.060	1.006178655	1	1
0.000	0.062	1.006178715	0	1
0.000	0.065	1.006169318	0	1
0.000	0.068	1.006177151	0	1
0.000	0.070	1.006164989	1	1
0.000	0.072	1.002078366	5	0
0.000	0.075	1.002076693	5	0
0.000	0.077	1.002081993	5	0
0.000	0.080	1.006156323	2	1
