Vendor ID: 0x1022
Device ID: 0x153e
Lane: 3
Time (%UI)	Voltage (V)	Duration (s)	Count	Pass
-25.000	0.000	1.006183464	4	1
-23.438	0.000	1.006189645	1	1
-21.875	0.000	1.006180639	1	1
-20.312	0.000	1.006184916	0	1
-18.750	0.000	1.006178524	0	1
-17.188	0.000	1.006183174	0	1
-15.625	0.000	1.006182702	0	1
-14.062	0.000	1.006183404	0	1
-12.500	0.000	1.006182202	0	1
-10.938	0.000	1.006178755	0	1
-9.375	0.000	1.006179246	0	1
-7.812	0.000	1.006181039	0	1
-6.250	0.000	1.006183955	0	1
-4.688	0.000	1.006183073	0	1
-3.125	0.000	1.006164407	0	1
-1.562	0.000	1.006181821	0	1
1.562	0.000	1.006181330	0	1
3.125	0.000	1.006184685	0	1
4.688	0.000	1.006189525	0	1
6.250	0.000	1.006182071	0	1
7.812	0.000	1.006180578	0	1
9.375	0.000	1.006177934	0	1
10.938	0.000	1.006179005	0	1
12.500	0.000	1.006178424	0	1
14.062	0.000	1.006171481	0	1
15.625	0.000	1.006176420	1	1
17.188	0.000	1.006177032	4	1
18.750	0.000	1.002037819	5	0
20.312	0.000	1.002086873	5	0
21.875	0.000	1.002088175	5	0
23.438	0.000	1.002089247	5	0
25.000	0.000	1.002098996	5	0
0.000	-0.130	1.002063016	5	0
0.000	-0.126	1.002082353	5	0
0.000	-0.121	1.002083726	5	0
0.000	-0.117	1.002087524	5	0
0.000	-0.112	1.002087002	5	0
0.000	-0.108	1.002082294	5	0
0.000	-0.103	1.006180217	2	1
0.000	-0.099	1.006180598	1	1
0.000	-0.094	1.006181771	0	1
0.000	-0.090	1.006179637	0	1
0.000	-0.085	1.006148497	0	1
0.000	-0.081	1.006176291	0	1
0.000	-0.076	1.006181640	0	1
0.000	-0.072	1.006179607	0	1
0.000	-0.067	1.006178885	0	1
0.000	-0.063	1.006158877	0	1
0.000	-0.058	1.006178935	0	1
0.000	-0.054	1.006185006	0	1
0.000	-0.049	1.006182441	0	1
0.000	-0.045	1.006185788	0	1
0.000	-0.040	1.006170108	0	1
0.000	-0.036	1.006185196	0	1
0.000	-0.031	1.006182943	0	1
0.000	-0.027	1.006190216	0	1
0.000	-0.022	1.006189085	0	1
0.000	-0.018	1.006174306	0	1
0.000	-0.013	1.006176630	0	1
0.000	-0.009	1.006180709	0	1
0.000	-0.004	1.006179476	0	1
0.000	0.004	1.006177823	0	1
0.000	0.009	1.006175118	0	1
0.000	0.013	1.006177612	0	1
0.000	0.018	1.006178534	0	1
0.000	0.022	1.006181580	0	1
0.000	0.027	1.006186178	0	1
0.000	0.031	1.006177303	0	1
0.000	0.036	1.006184015	0	1
0.000	0.040	1.006180808	0	1
0.000	0.045	1.006180037	0	1
0.000	0.049	1.006183313	0	1
0.000	0.054	1.006184847	0	1
0.000	0.058	1.006180297	0	1
0.000	0.063	1.006181470	0	1
0.000	0.067	1.006181158	0	1
0.000	0.072	1.006182052	0	1
0.000	0.076	1.006180478	0	1
0.000	0.081	1.006180859	0	1
0.000	0.085	1.006180809	0	1
0.000	0.090	1.006178313	0	1
0.000	0.094	1.006183653	0	1
0.000	0.099	1.006185057	2	1
0.000	0.103	1.002078927	5	0
0.000	0.108	1.002081002	5	0
0.000	0.112	1.002082845	5	0
0.000	0.117	1.002084889	5	0
0.000	0.121	1.002083295	5	0
0.000	0.126	1.002084528	5	0
0.000	0.130	1.002084256	5	0
