Vendor ID: 0x1022
Device ID: 0x153e
Lane: 1
Time (%UI)	Voltage (V)	Duration (s)	Count	Pass
-25.000	0.000	1.002077755	5	0
-23.438	0.000	1.002081282	5	0
-21.875	0.000	1.006185297	1	1
-20.312	0.000	1.006173505	0	1
-18.750	0.000	1.006185748	0	1
-17.188	0.000	1.006188123	0	1
-15.625	0.000	1.006186640	0	1
-14.062	0.000	1.006187371	0	1
-12.500	0.000	1.006190958	0	1
-10.938	0.000	1.006186168	0	1
-9.375	0.000	1.006183694	0	1
-7.812	0.000	1.006186219	0	1
-6.250	0.000	1.006188122	0	1
-4.688	0.000	1.006187000	0	1
-3.125	0.000	1.006188433	0	1
-1.562	0.000	1.006193232	0	1
1.562	0.000	1.006185998	0	1
3.125	0.000	1.006185097	0	1
4.688	0.000	1.006188493	0	1
6.250	0.000	1.006183975	0	1
7.812	0.000	1.006184686	0	1
9.375	0.000	1.006183744	0	1
10.938	0.000	1.006184536	0	1
12.500	0.000	1.006183504	0	1
14.062	0.000	1.006187170	0	1
15.625	0.000	1.006183183	0	1
17.188	0.000	1.006183964	1	1
18.750	0.000	1.002081663	5	0
20.312	0.000	1.002083556	5	0
21.875	0.000	1.002090058	5	0
23.438	0.000	1.002081512	5	0
25.000	0.000	1.002081502	5	0
0.000	-0.130	1.002082254	5	0
0.000	-0.126	1.002079749	5	0
0.000	-0.121	1.002076703	5	0
0.000	-0.117	1.002079057	5	0
0.000	-0.112	1.002078666	5	0
0.000	-0.108	1.002081442	5	0
0.000	-0.103	1.002076011	5	0
0.000	-0.099	1.006173004	2	1
0.000	-0.094	1.006175749	0	1
0.000	-0.090	1.006171120	0	1
0.000	-0.085	1.006171050	0	1
0.000	-0.081	1.006182181	0	1
0.000	-0.076	1.006178033	0	1
0.000	-0.072	1.006181791	0	1
0.000	-0.067	1.006183084	0	1
0.000	-0.063	1.006182281	0	1
0.000	-0.058	1.006182291	0	1
0.000	-0.054	1.006186389	0	1
0.000	-0.049	1.006182501	0	1
0.000	-0.045	1.006183414	0	1
0.000	-0.040	1.006188944	0	1
0.000	-0.036	1.006180959	0	1
0.000	-0.031	1.006177993	0	1
0.000	-0.027	1.006183653	0	1
0.000	-0.022	1.006184486	0	1
0.000	-0.018	1.006183984	0	1
0.000	-0.013	1.006181780	0	1
0.000	-0.009	1.006186830	0	1
0.000	-0.004	1.006182612	0	1
0.000	0.004	1.006184235	0	1
0.000	0.009	1.006184396	0	1
0.000	0.013	1.006182161	0	1
0.000	0.018	1.006180118	0	1
0.000	0.022	1.006184796	0	1
0.000	0.027	1.006185007	0	1
0.000	0.031	1.006182472	0	1
0.000	0.036	1.006183544	0	1
0.000	0.040	1.006184116	0	1
0.000	0.045	1.006179957	0	1
0.000	0.049	1.006177713	0	1
0.000	0.054	1.006179877	0	1
0.000	0.058	1.006181008	0	1
0.000	0.063	1.006159238	0	1
0.000	0.067	1.006178945	0	1
0.000	0.072	1.006179196	0	1
0.000	0.076	1.006179296	0	1
0.000	0.081	1.006181090	0	1
0.000	0.085	1.006179726	0	1
0.000	0.090	1.006177622	0	1
0.000	0.094	1.006180688	0	1
0.000	0.099	1.006179767	2	1
0.000	0.103	1.006179566	1	1
0.000	0.108	1.002079077	5	0
0.000	0.112	1.002080420	5	0
0.000	0.117	1.002079319	5	0
0.000	0.121	1.002082294	5	0
0.000	0.126	1.002079659	5	0
0.000	0.130	1.002078757	5	0
