Vendor ID: 0x1344
Device ID: 0x51bb
Lane: 0
Time (%UI)	Voltage (V)	Duration (s)	Count	Pass
-40.000	0.000	1.008205235	0	1
-37.500	0.000	1.008219241	0	1
-35.000	0.000	1.006192049	0	1
-32.500	0.000	1.008216425	0	1
-30.000	0.000	0.001014758	31	0
-27.500	0.000	0.003040295	13	0
-25.000	0.000	0.003039744	5	0
-22.500	0.000	0.003037600	5	0
-20.000	0.000	1.004107441	5	0
-17.500	0.000	1.008215564	3	1
-15.000	0.000	1.008217346	0	1
-12.500	0.000	1.008219432	0	1
-10.000	0.000	1.006191639	0	1
-7.500	0.000	1.008224350	0	1
-5.000	0.000	1.008220453	0	1
-2.500	0.000	1.008207168	0	1
2.500	0.000	1.008210814	0	1
5.000	0.000	1.006185367	0	1
7.500	0.000	1.008213450	0	1
10.000	0.000	1.008216896	0	1
12.500	0.000	1.006185317	0	1
15.000	0.000	1.008210563	0	1
17.500	0.000	1.008212557	0	1
20.000	0.000	1.008214301	0	1
22.500	0.000	1.004107140	5	0
25.000	0.000	0.003041738	5	0
27.500	0.000	0.003039443	5	0
30.000	0.000	0.003039003	5	0
32.500	0.000	0.001013044	8	0
35.000	0.000	0.003036277	27	0
37.500	0.000	0.003035315	31	0
40.000	0.000	1.008205464	0	1
0.000	-0.100	0.003039613	26	0
0.000	-0.098	0.003039373	26	0
0.000	-0.097	0.003037259	17	0
0.000	-0.095	0.003036418	5	0
0.000	-0.094	0.003037420	6	0
0.000	-0.092	0.003035285	5	0
0.000	-0.091	0.003034123	5	0
0.000	-0.089	0.003033402	6	0
0.000	-0.088	0.003033111	5	0
0.000	-0.086	0.003032570	5	0
0.000	-0.084	0.003032289	5	0
0.000	-0.083	0.003032801	5	0
0.000	-0.081	0.003032269	5	0
0.000	-0.080	1.002079237	5	0
0.000	-0.078	0.003042369	5	0
0.000	-0.077	1.002081623	5	0
0.000	-0.075	1.004108663	5	0
0.000	-0.073	1.004108462	5	0
0.000	-0.072	1.004110676	5	0
0.000	-0.070	1.002085501	5	0
0.000	-0.069	1.004112130	5	0
0.000	-0.067	1.004114594	5	0
0.000	-0.066	1.008229681	0	1
0.000	-0.064	1.006191930	1	1
0.000	-0.062	1.006181200	0	1
0.000	-0.061	1.008212338	0	1
0.000	-0.059	1.008215474	0	1
0.000	-0.058	1.006181450	0	1
0.000	-0.056	1.008211406	0	1
0.000	-0.055	1.008208890	0	1
0.000	-0.053	1.008213710	0	1
0.000	-0.052	1.006186319	0	1
0.000	-0.050	1.008209701	0	1
0.000	-0.048	1.008207207	0	1
0.000	-0.047	1.006185247	0	1
0.000	-0.045	1.008210534	0	1
0.000	-0.044	1.008213729	0	1
0.000	-0.042	1.006189024	0	1
0.000	-0.041	1.008216385	0	1
0.000	-0.039	1.008213270	0	1
0.000	-0.038	1.008212719	0	1
0.000	-0.036	1.008213068	0	1
0.000	-0.034	1.006273975	0	1
0.000	-0.033	1.008214572	0	1
0.000	-0.031	1.008210785	0	1
0.000	-0.030	1.006185248	0	1
0.000	-0.028	1.006189715	0	1
0.000	-0.027	1.008209492	0	1
0.000	-0.025	1.006184266	0	1
0.000	-0.023	1.008212898	0	1
0.000	-0.022	1.008209302	0	1
0.000	-0.020	1.008211095	0	1
0.000	-0.019	1.006176881	0	1
0.000	-0.017	1.008213270	0	1
0.000	-0.016	1.006183884	0	1
0.000	-0.014	1.008225092	0	1
0.000	-0.013	1.008307138	0	1
0.000	-0.011	1.006184917	0	1
0.000	-0.009	1.008210634	0	1
0.000	-0.008	1.006188954	0	1
0.000	-0.006	1.008211756	0	1
0.000	-0.005	1.008209452	0	1
0.000	-0.003	1.008206216	0	1
0.000	-0.002	1.008214371	0	1
0.000	0.002	1.006193162	0	1
0.000	0.003	1.008193872	0	1
0.000	0.005	1.006184485	0	1
0.000	0.006	1.008210434	0	1
0.000	0.008	1.006181931	0	1
0.000	0.009	1.008208320	0	1
0.000	0.011	1.008226394	0	1
0.000	0.013	1.008213770	0	1
0.000	0.014	1.006182943	0	1
0.000	0.016	1.006186419	0	1
0.000	0.017	1.008209232	0	1
0.000	0.019	1.008211685	0	1
0.000	0.020	1.008214782	0	1
0.000	0.022	1.008212157	0	1
0.000	0.023	1.006186890	0	1
0.000	0.025	1.006191719	0	1
0.000	0.027	1.006221516	0	1
0.000	0.028	1.008215233	0	1
0.000	0.030	1.008213960	0	1
0.000	0.031	1.006183905	0	1
0.000	0.033	1.008209481	0	1
0.000	0.034	1.006183313	0	1
0.000	0.036	1.008208931	0	1
0.000	0.038	1.008210955	0	1
0.000	0.039	1.008208580	0	1
0.000	0.041	1.006185177	0	1
0.000	0.042	1.008211095	0	1
0.000	0.044	1.008212367	0	1
0.000	0.045	1.008212488	0	1
0.000	0.047	1.006184916	0	1
0.000	0.048	1.008215624	0	1
0.000	0.050	1.008211606	0	1
0.000	0.052	1.006187431	0	1
0.000	0.053	1.008212958	0	1
0.000	0.055	1.008211687	0	1
0.000	0.056	1.008209352	0	1
0.000	0.058	1.006186620	0	1
0.000	0.059	1.008208840	0	1
0.000	0.061	1.008211636	0	1
0.000	0.062	1.008210294	1	1
0.000	0.064	1.008209261	0	1
0.000	0.066	1.008211506	2	1
0.000	0.067	1.006187101	3	1
0.000	0.069	1.006184976	1	1
0.000	0.070	1.008213018	3	1
0.000	0.072	1.002085421	5	0
0.000	0.073	1.004113893	5	0
0.000	0.075	1.002085610	5	0
0.000	0.077	1.004111908	5	0
0.000	0.078	1.004112380	5	0
0.000	0.080	1.004109805	5	0
0.000	0.081	1.004109534	5	0
0.000	0.083	1.002082794	5	0
0.000	0.084	0.003041256	5	0
0.000	0.086	0.003039193	5	0
0.000	0.088	0.003037760	5	0
0.000	0.089	0.001013936	5	0
0.000	0.091	0.003036016	5	0
0.000	0.092	0.003035606	5	0
0.000	0.094	0.003034394	6	0
0.000	0.095	0.003033843	7	0
0.000	0.097	0.003033673	7	0
0.000	0.098	0.001011592	5	0
0.000	0.100	0.003034193	12	0
