Vendor ID: 0x1022
Device ID: 0x153e
Lane: 1
Time (%UI)	Voltage (V)	Duration (s)	Count	Pass
-25.000	0.000	1.006173264	3	1
-23.438	0.000	1.006169697	1	1
-21.875	0.000	1.006169948	0	1
-20.312	0.000	1.006169577	0	1
-18.750	0.000	1.006167142	0	1
-17.188	0.000	1.006171521	0	1
-15.625	0.000	1.006171240	0	1
-14.062	0.000	1.006170208	0	1
-12.500	0.000	1.006179998	0	1
-10.938	0.000	1.006178865	0	1
-9.375	0.000	1.006179015	0	1
-7.812	0.000	1.006177843	0	1
-6.250	0.000	1.006159759	0	1
-4.688	0.000	1.006178224	0	1
-3.125	0.000	1.006166481	0	1
-1.562	0.000	1.006175249	0	1
1.562	0.000	1.006174636	0	1
3.125	0.000	1.006125564	0	1
4.688	0.000	1.006171712	0	1
6.250	0.000	1.006176832	0	1
7.812	0.000	1.006175358	0	1
9.375	0.000	1.006172802	0	1
10.938	0.000	1.006166071	0	1
12.500	0.000	1.006172192	0	1
14.062	0.000	1.006176250	0	1
15.625	0.000	1.006177272	0	1
17.188	0.000	1.006178974	0	1
18.750	0.000	1.006166030	1	1
20.312	0.000	1.002078487	5	0
21.875	0.000	1.002079518	5	0
23.438	0.000	1.002085470	5	0
25.000	0.000	1.002080680	5	0
0.000	-0.130	1.002080020	5	0
0.000	-0.126	1.002077445	5	0
0.000	-0.121	1.002077585	5	0
0.000	-0.117	1.002078937	5	0
0.000	-0.112	1.002091642	5	0
0.000	-0.108	1.002077464	5	0
0.000	-0.103	1.002076293	5	0
0.000	-0.099	1.006173325	2	1
0.000	-0.094	1.006174517	1	1
0.000	-0.090	1.006174247	0	1
0.000	-0.085	1.006169317	0	1
0.000	-0.081	1.006175358	0	1
0.000	-0.076	1.006172442	0	1
0.000	-0.072	1.006173765	0	1
0.000	-0.067	1.006173004	0	1
0.000	-0.063	1.006175468	0	1
0.000	-0.058	1.006182862	0	1
0.000	-0.054	1.006178534	0	1
0.000	-0.049	1.006173234	0	1
0.000	-0.045	1.006172843	0	1
0.000	-0.040	1.006172763	0	1
0.000	-0.036	1.006175099	0	1
0.000	-0.031	1.006172533	0	1
0.000	-0.027	1.006172012	0	1
0.000	-0.022	1.006172312	0	1
0.000	-0.018	1.006173465	0	1
0.000	-0.013	1.006171179	0	1
0.000	-0.009	1.006171862	0	1
0.000	-0.004	1.006173134	0	1
0.000	0.004	1.006174116	0	1
0.000	0.009	1.006172472	0	1
0.000	0.013	1.006176581	0	1
0.000	0.018	1.006172823	0	1
0.000	0.022	1.006172072	0	1
0.000	0.027	1.006176450	0	1
0.000	0.031	1.006180989	0	1
0.000	0.036	1.006175228	0	1
0.000	0.040	1.006172743	0	1
0.000	0.045	1.006174837	0	1
0.000	0.049	1.006172503	0	1
0.000	0.054	1.006174757	0	1
0.000	0.058	1.006174316	0	1
0.000	0.063	1.006171740	0	1
0.000	0.067	1.006170418	0	1
0.000	0.072	1.006173395	0	1
0.000	0.076	1.006174798	0	1
0.000	0.081	1.006177543	0	1
0.000	0.085	1.006174346	0	1
0.000	0.090	1.006174666	0	1
0.000	0.094	1.006176751	0	1
0.000	0.099	1.006173706	2	1
0.000	0.103	1.002078617	5	0
0.000	0.108	1.002083495	5	0
0.000	0.112	1.002078587	5	0
0.000	0.117	1.002077555	5	0
0.000	0.121	1.002076813	5	0
0.000	0.126	1.002077886	5	0
0.000	0.130	1.002077113	5	0
