Vendor ID: 0x1e0f
Device ID: 0x2b
Lane: 2
Time (%UI)	Voltage (V)	Duration (s)	Count	Pass
-50.000	0.000	0.003038862	31	0
-48.438	0.000	0.003036297	31	0
-46.875	0.000	0.003035686	31	0
-45.312	0.000	0.003035175	31	0
-43.750	0.000	0.003034253	31	0
-42.188	0.000	0.003034975	31	0
-40.625	0.000	0.003034324	31	0
-39.062	0.000	0.003033232	31	0
-37.500	0.000	0.003032790	31	0
-35.938	0.000	0.003033201	31	0
-34.375	0.000	0.003032470	16	0
-32.812	0.000	0.003032340	16	0
-31.250	0.000	0.003032099	7	0
-29.688	0.000	0.003031498	5	0
-28.125	0.000	0.003031428	5	0
-26.562	0.000	0.003031067	5	0
-25.000	0.000	1.004101029	5	0
-23.438	0.000	1.004160311	5	0
-21.875	0.000	1.004105867	5	0
-20.312	0.000	1.004111718	5	0
-18.750	0.000	1.008217778	3	1
-17.188	0.000	1.008213950	0	1
-15.625	0.000	1.008210203	0	1
-14.062	0.000	1.010237394	0	1
-12.500	0.000	1.008210685	0	1
-10.938	0.000	1.008211005	0	1
-9.375	0.000	1.008212588	0	1
-7.812	0.000	1.008211416	0	1
-6.250	0.000	1.008212298	0	1
-4.688	0.000	1.008212338	0	1
-3.125	0.000	1.008214421	0	1
-1.562	0.000	1.008213569	0	1
1.562	0.000	1.008211084	0	1
3.125	0.000	1.008222287	0	1
4.688	0.000	1.008215253	0	1
6.250	0.000	1.008209692	0	1
7.812	0.000	1.008210273	0	1
9.375	0.000	1.008209853	0	1
10.938	0.000	1.008209933	0	1
12.500	0.000	1.008208079	0	1
14.062	0.000	1.008209342	0	1
15.625	0.000	1.008208210	0	1
17.188	0.000	1.008229721	0	1
18.750	0.000	1.008208389	0	1
20.312	0.000	1.008236603	0	1
21.875	0.000	1.008205575	1	1
23.438	0.000	1.008236814	4	1
25.000	0.000	1.004110476	5	0
26.562	0.000	1.004118441	5	0
28.125	0.000	0.003041918	5	0
29.688	0.000	0.003039102	5	0
31.250	0.000	0.003037970	5	0
32.812	0.000	0.003036628	5	0
34.375	0.000	0.003035565	22	0
35.938	0.000	0.003034874	3	0
37.500	0.000	0.003034424	14	0
39.062	0.000	0.003034193	31	0
40.625	0.000	0.003031469	31	0
42.188	0.000	0.003033101	31	0
43.750	0.000	0.003032651	31	0
45.312	0.000	0.003030556	31	0
46.875	0.000	0.003032320	31	0
48.438	0.000	0.003031408	31	0
50.000	0.000	0.003032019	31	0
0.000	-0.440	0.003031177	27	0
0.000	-0.433	0.003031108	4	0
0.000	-0.426	0.003030837	8	0
0.000	-0.419	0.003028683	31	0
0.000	-0.412	0.003030586	11	0
0.000	-0.406	0.003030487	6	0
0.000	-0.399	0.003028323	8	0
0.000	-0.392	0.003030296	20	0
0.000	-0.385	0.003030116	6	0
0.000	-0.378	0.003029965	5	0
0.000	-0.371	0.003029946	7	0
0.000	-0.364	0.003029825	24	0
0.000	-0.357	0.003029765	6	0
0.000	-0.351	1.004094816	8	0
0.000	-0.344	0.003039864	7	0
0.000	-0.337	0.003038542	5	0
0.000	-0.330	0.003035455	5	0
0.000	-0.323	0.003035846	5	0
0.000	-0.316	0.003034845	5	0
0.000	-0.309	0.003032821	6	0
0.000	-0.302	0.003032800	5	0
0.000	-0.296	0.003032891	5	0
0.000	-0.289	0.003031699	5	0
0.000	-0.282	0.003031428	6	0
0.000	-0.275	0.003031057	5	0
0.000	-0.268	0.003030787	5	0
0.000	-0.261	1.004098393	5	0
0.000	-0.254	1.004111709	5	0
0.000	-0.247	1.004108522	5	0
0.000	-0.241	1.004107431	5	0
0.000	-0.234	1.004107792	5	0
0.000	-0.227	1.004107450	5	0
0.000	-0.220	1.004106619	5	0
0.000	-0.213	1.004108342	5	0
0.000	-0.206	1.004111197	5	0
0.000	-0.199	1.004098423	5	0
0.000	-0.193	1.004106399	5	0
0.000	-0.186	1.004107331	5	0
0.000	-0.179	1.008208230	3	1
0.000	-0.172	1.004106519	5	0
0.000	-0.165	1.004108763	5	0
0.000	-0.158	1.008211526	0	1
0.000	-0.151	1.008209422	0	1
0.000	-0.144	1.008214101	1	1
0.000	-0.138	1.008203430	0	1
0.000	-0.131	1.008205225	0	1
0.000	-0.124	1.008206646	0	1
0.000	-0.117	1.008257814	0	1
0.000	-0.110	1.008238658	0	1
0.000	-0.103	1.008206847	0	1
0.000	-0.096	1.008208349	0	1
0.000	-0.089	1.008205143	0	1
0.000	-0.083	1.008173243	0	1
0.000	-0.076	1.008193221	0	1
0.000	-0.069	1.008189854	0	1
0.000	-0.062	1.008212748	0	1
0.000	-0.055	1.008213209	0	1
0.000	-0.048	1.008186869	0	1
0.000	-0.041	1.008207969	0	1
0.000	-0.034	1.008214642	0	1
0.000	-0.028	1.008216555	0	1
0.000	-0.021	1.008216505	0	1
0.000	-0.014	1.008189434	0	1
0.000	-0.007	1.008207017	0	1
0.000	0.007	1.008218690	0	1
0.000	0.014	1.008215512	0	1
0.000	0.021	1.008211265	0	1
0.000	0.028	1.008208650	0	1
0.000	0.034	1.008211245	0	1
0.000	0.041	1.008215093	0	1
0.000	0.048	1.008212989	0	1
0.000	0.055	1.008210485	0	1
0.000	0.062	1.008175667	0	1
0.000	0.069	1.008200325	0	1
0.000	0.076	1.008203369	0	1
0.000	0.083	1.008205164	0	1
0.000	0.089	1.008207559	0	1
0.000	0.096	1.008207008	0	1
0.000	0.103	1.008206126	0	1
0.000	0.110	1.008210444	0	1
0.000	0.117	1.008210253	0	1
0.000	0.124	1.008206005	0	1
0.000	0.131	1.008208870	0	1
0.000	0.138	1.008212408	1	1
0.000	0.144	1.008210473	0	1
0.000	0.151	1.008210254	0	1
0.000	0.158	1.008207368	0	1
0.000	0.165	1.008207218	0	1
0.000	0.172	1.008210102	3	1
0.000	0.179	1.008207709	0	1
0.000	0.186	1.008206807	3	1
0.000	0.193	1.004106819	5	0
0.000	0.199	1.004117229	5	0
0.000	0.206	1.004108451	5	0
0.000	0.213	1.004110536	5	0
0.000	0.220	1.004110686	5	0
0.000	0.227	1.004110006	5	0
0.000	0.234	1.004117169	5	0
0.000	0.241	1.004110085	5	0
0.000	0.247	1.004108513	5	0
0.000	0.254	1.004110256	5	0
0.000	0.261	1.004114183	5	0
0.000	0.268	1.004111999	5	0
0.000	0.275	1.004108743	5	0
0.000	0.282	0.003040806	5	0
0.000	0.289	1.004107520	5	0
0.000	0.296	0.003040345	5	0
0.000	0.302	0.003039113	6	0
0.000	0.309	0.003037600	5	0
0.000	0.316	0.003036548	5	0
0.000	0.323	0.003035306	5	0
0.000	0.330	0.003034313	6	0
0.000	0.337	0.003034885	8	0
0.000	0.344	0.003033382	6	0
0.000	0.351	0.003032680	5	0
0.000	0.357	0.003033782	7	0
0.000	0.364	0.003032410	10	0
0.000	0.371	0.003031709	8	0
0.000	0.378	0.003031598	6	0
0.000	0.385	0.003031198	13	0
0.000	0.392	0.003031088	18	0
0.000	0.399	0.003030557	29	0
0.000	0.406	0.003030637	0	0
0.000	0.412	0.003030667	28	0
0.000	0.419	0.003030166	31	0
0.000	0.426	0.003030998	10	0
0.000	0.433	0.003029905	11	0
0.000	0.440	0.003029906	21	0
