Vendor ID: 0x1e0f
Device ID: 0x2b
Lane: 0
Time (%UI)	Voltage (V)	Duration (s)	Count	Pass
-50.000	0.000	0.003026018	31	0
-48.438	0.000	0.003025988	31	0
-46.875	0.000	0.003025678	31	0
-45.312	0.000	0.003025938	31	0
-43.750	0.000	0.003025427	31	0
-42.188	0.000	0.003025006	31	0
-40.625	0.000	0.003024976	31	0
-39.062	0.000	0.003025847	31	0
-37.500	0.000	0.003026248	31	0
-35.938	0.000	0.003026208	31	0
-34.375	0.000	0.003025517	31	0
-32.812	0.000	0.003025376	31	0
-31.250	0.000	0.003025126	31	0
-29.688	0.000	0.003026558	28	0
-28.125	0.000	0.003025066	5	0
-26.562	0.000	0.003026328	5	0
-25.000	0.000	0.003026258	5	0
-23.438	0.000	0.003025728	5	0
-21.875	0.000	1.004088694	5	0
-20.312	0.000	1.004103954	5	0
-18.750	0.000	1.004107650	5	0
-17.188	0.000	1.008206176	4	1
-15.625	0.000	1.008203229	0	1
-14.062	0.000	1.008201837	0	1
-12.500	0.000	1.008202018	0	1
-10.938	0.000	1.008198411	0	1
-9.375	0.000	1.008197459	0	1
-7.812	0.000	1.008200505	0	1
-6.250	0.000	1.008200785	0	1
-4.688	0.000	1.008200074	0	1
-3.125	0.000	1.008202829	0	1
-1.562	0.000	1.008200274	0	1
1.562	0.000	1.008201668	0	1
3.125	0.000	1.008202869	0	1
4.688	0.000	1.008203190	0	1
6.250	0.000	1.008202970	0	1
7.812	0.000	1.008206497	0	1
9.375	0.000	1.008199944	0	1
10.938	0.000	1.008201157	0	1
12.500	0.000	1.008203491	0	1
14.062	0.000	1.008196628	0	1
15.625	0.000	1.008199603	0	1
17.188	0.000	1.008203320	0	1
18.750	0.000	1.008201927	0	1
20.312	0.000	1.004104826	5	0
21.875	0.000	1.004102742	5	0
23.438	0.000	0.003035446	5	0
25.000	0.000	0.003034584	5	0
26.562	0.000	0.003033722	5	0
28.125	0.000	0.003032791	10	0
29.688	0.000	0.003031929	13	0
31.250	0.000	0.003031929	26	0
32.812	0.000	0.003031949	22	0
34.375	0.000	0.003032791	31	0
35.938	0.000	0.003032179	31	0
37.500	0.000	0.003033923	31	0
39.062	0.000	0.003031528	31	0
40.625	0.000	0.003031338	31	0
42.188	0.000	0.003032370	31	0
43.750	0.000	0.003030907	31	0
45.312	0.000	0.003030746	31	0
46.875	0.000	0.003031719	31	0
48.438	0.000	0.003030476	31	0
50.000	0.000	0.003030496	31	0
0.000	-0.440	0.003031137	31	0
0.000	-0.433	0.003032369	21	0
0.000	-0.426	0.003030667	10	0
0.000	-0.419	0.003030506	31	0
0.000	-0.412	0.003031558	9	0
0.000	-0.406	0.003030336	9	0
0.000	-0.399	0.003030477	22	0
0.000	-0.392	0.003030035	13	0
0.000	-0.385	0.003030206	8	0
0.000	-0.378	0.003030216	21	0
0.000	-0.371	0.003029755	9	0
0.000	-0.364	0.003029745	9	0
0.000	-0.357	0.003029654	9	0
0.000	-0.351	0.003029864	5	0
0.000	-0.344	0.003031157	8	0
0.000	-0.337	0.003029815	10	0
0.000	-0.330	0.003029985	6	0
0.000	-0.323	0.003030746	5	0
0.000	-0.316	0.003030006	5	0
0.000	-0.309	0.003030066	5	0
0.000	-0.302	0.003029635	5	0
0.000	-0.296	0.003030306	6	0
0.000	-0.289	0.003029855	5	0
0.000	-0.282	0.003029655	5	0
0.000	-0.275	1.004097601	5	0
0.000	-0.268	0.003041707	5	0
0.000	-0.261	0.003039974	5	0
0.000	-0.254	0.003039092	5	0
0.000	-0.247	0.003028692	5	0
0.000	-0.241	1.004173275	5	0
0.000	-0.234	0.003046457	5	0
0.000	-0.227	1.004117108	5	0
0.000	-0.220	1.004111779	5	0
0.000	-0.213	1.004113742	5	0
0.000	-0.206	1.004111218	5	0
0.000	-0.199	0.003042178	5	0
0.000	-0.193	1.004109795	5	0
0.000	-0.186	1.004101379	5	0
0.000	-0.179	1.004107721	5	0
0.000	-0.172	1.004110527	5	0
0.000	-0.165	1.004111829	5	0
0.000	-0.158	1.004112420	5	0
0.000	-0.151	1.004111448	5	0
0.000	-0.144	1.004109915	5	0
0.000	-0.138	1.004114023	5	0
0.000	-0.131	1.004110346	5	0
0.000	-0.124	1.004111328	5	0
0.000	-0.117	1.004112861	5	0
0.000	-0.110	1.004109275	5	0
0.000	-0.103	1.008213589	3	1
0.000	-0.096	1.004112360	5	0
0.000	-0.089	1.008214502	1	1
0.000	-0.083	1.004121708	5	0
0.000	-0.076	1.008220403	1	1
0.000	-0.069	1.008222767	0	1
0.000	-0.062	1.008215464	3	1
0.000	-0.055	1.004110716	5	0
0.000	-0.048	1.008214131	0	1
0.000	-0.041	1.008212388	0	1
0.000	-0.034	1.008214090	0	1
0.000	-0.028	1.008211706	1	1
0.000	-0.021	1.008213881	0	1
0.000	-0.014	1.008214982	0	1
0.000	-0.007	1.008210835	0	1
0.000	0.007	1.008213390	0	1
0.000	0.014	1.008212258	0	1
0.000	0.021	1.008212718	0	1
0.000	0.028	1.008213810	1	1
0.000	0.034	1.008213009	1	1
0.000	0.041	1.008214161	0	1
0.000	0.048	1.008214312	0	1
0.000	0.055	1.008213590	3	1
0.000	0.062	1.004111918	5	0
0.000	0.069	1.008212929	2	1
0.000	0.076	1.008219962	1	1
0.000	0.083	1.008220112	4	1
0.000	0.089	1.004109564	5	0
0.000	0.096	1.004111277	5	0
0.000	0.103	1.004108813	5	0
0.000	0.110	1.004106599	5	0
0.000	0.117	1.004111138	5	0
0.000	0.124	1.004111618	5	0
0.000	0.131	1.004106199	5	0
0.000	0.138	1.004101979	5	0
0.000	0.144	1.004111388	5	0
0.000	0.151	1.004109133	5	0
0.000	0.158	1.004110817	5	0
0.000	0.165	1.004113562	5	0
0.000	0.172	1.004110046	5	0
0.000	0.179	1.004107711	5	0
0.000	0.186	1.004110487	5	0
0.000	0.193	1.004111447	5	0
0.000	0.199	1.004110666	5	0
0.000	0.206	0.003040886	5	0
0.000	0.213	1.004105285	5	0
0.000	0.220	1.004107841	5	0
0.000	0.227	1.004107521	5	0
0.000	0.234	1.004106358	5	0
0.000	0.241	1.004108092	5	0
0.000	0.247	0.003039905	5	0
0.000	0.254	0.003038421	5	0
0.000	0.261	0.003038511	5	0
0.000	0.268	0.003036247	5	0
0.000	0.275	0.003035315	5	0
0.000	0.282	0.003034544	6	0
0.000	0.289	1.004085479	5	0
0.000	0.296	1.004109294	5	0
0.000	0.302	0.003040996	8	0
0.000	0.309	0.003038432	6	0
0.000	0.316	0.003037369	6	0
0.000	0.323	0.003036558	6	0
0.000	0.330	0.003036688	6	0
0.000	0.337	0.003034784	5	0
0.000	0.344	0.003034033	8	0
0.000	0.351	0.003034755	6	0
0.000	0.357	0.003033051	14	0
0.000	0.364	0.003032550	11	0
0.000	0.371	0.003033311	5	0
0.000	0.378	0.003031919	7	0
0.000	0.385	0.003032089	8	0
0.000	0.392	0.003031929	16	0
0.000	0.399	0.003031268	11	0
0.000	0.406	0.003030977	29	0
0.000	0.412	0.003030497	16	0
0.000	0.419	0.003031838	9	0
0.000	0.426	0.003030517	30	0
0.000	0.433	0.003030757	31	0
0.000	0.440	0.003031267	17	0
