Vendor ID: 0x1b96
Device ID: 0x2751
Lane: 3
Time (%UI)	Voltage (V)	Duration (s)	Count	Pass
-40.000	0.000	0.003040886	2	0
-37.143	0.000	0.001013355	5	0
-34.286	0.000	0.003037489	5	0
-31.429	0.000	0.003036478	5	0
-28.571	0.000	1.004104064	5	0
-25.714	0.000	1.008209522	0	1
-22.857	0.000	1.006183293	0	1
-20.000	0.000	1.008209162	0	1
-17.143	0.000	1.008209352	0	1
-14.286	0.000	1.008207919	0	1
-11.429	0.000	1.008210815	0	1
-8.571	0.000	1.008212918	0	1
-5.714	0.000	1.008212658	0	1
-2.857	0.000	1.008211736	0	1
2.857	0.000	1.008207428	0	1
5.714	0.000	1.008209963	0	1
8.571	0.000	1.008215323	0	1
11.429	0.000	1.008212568	0	1
14.286	0.000	1.008209522	0	1
17.143	0.000	1.008210233	0	1
20.000	0.000	1.008208550	0	1
22.857	0.000	1.004107199	5	0
25.714	0.000	0.003040926	5	0
28.571	0.000	0.003038932	7	0
31.429	0.000	0.003038150	22	0
34.286	0.000	1.008206426	0	1
37.143	0.000	1.008207227	0	1
40.000	0.000	1.008209772	0	1
0.000	-0.120	0.003039824	6	0
0.000	-0.118	0.003038321	6	0
0.000	-0.116	1.002078868	8	0
0.000	-0.114	1.002080831	5	0
0.000	-0.112	1.002077956	5	0
0.000	-0.111	0.003042839	5	0
0.000	-0.109	0.003038822	5	0
0.000	-0.107	0.003037890	5	0
0.000	-0.105	0.003036548	5	0
0.000	-0.103	0.003035556	5	0
0.000	-0.101	0.003035175	5	0
0.000	-0.099	0.003034935	5	0
0.000	-0.098	0.003033843	5	0
0.000	-0.096	1.004102731	5	0
0.000	-0.094	1.002086823	5	0
0.000	-0.092	1.004108562	5	0
0.000	-0.090	1.002084167	5	0
0.000	-0.088	1.004109815	5	0
0.000	-0.086	1.004112890	5	0
0.000	-0.084	1.004110236	5	0
0.000	-0.082	1.008211034	0	1
0.000	-0.081	1.008214101	1	1
0.000	-0.079	1.006181731	0	1
0.000	-0.077	1.008209712	0	1
0.000	-0.075	1.008208389	0	1
0.000	-0.073	1.008208249	0	1
0.000	-0.071	1.008212769	0	1
0.000	-0.069	1.008187500	0	1
0.000	-0.068	1.006153437	0	1
0.000	-0.066	1.008208140	0	1
0.000	-0.064	1.006203231	0	1
0.000	-0.062	1.008219210	0	1
0.000	-0.060	1.008218429	0	1
0.000	-0.058	1.008212538	0	1
0.000	-0.056	1.008214060	0	1
0.000	-0.054	1.008200705	0	1
0.000	-0.052	1.008206185	0	1
0.000	-0.051	1.008206647	0	1
0.000	-0.049	1.006182491	0	1
0.000	-0.047	1.008210173	0	1
0.000	-0.045	1.008181620	0	1
0.000	-0.043	1.008202860	0	1
0.000	-0.041	1.008164736	0	1
0.000	-0.039	1.008212207	0	1
0.000	-0.037	1.008216926	0	1
0.000	-0.036	1.008210824	0	1
0.000	-0.034	1.008206226	0	1
0.000	-0.032	1.008210996	0	1
0.000	-0.030	1.008209753	0	1
0.000	-0.028	1.008212488	0	1
0.000	-0.026	1.008205064	0	1
0.000	-0.024	1.006188774	0	1
0.000	-0.022	1.008214782	0	1
0.000	-0.021	1.008214731	0	1
0.000	-0.019	1.008220874	0	1
0.000	-0.017	1.008212758	0	1
0.000	-0.015	1.008212808	0	1
0.000	-0.013	1.008214000	0	1
0.000	-0.011	1.008211836	0	1
0.000	-0.009	1.008214872	0	1
0.000	-0.007	1.008217106	0	1
0.000	-0.006	1.006192390	0	1
0.000	-0.004	1.008215043	0	1
0.000	-0.002	1.008219581	0	1
0.000	0.002	1.008194203	0	1
0.000	0.004	1.006191389	0	1
0.000	0.006	1.006191449	0	1
0.000	0.007	1.006146083	0	1
0.000	0.009	1.008197179	0	1
0.000	0.011	1.008217647	0	1
0.000	0.013	1.008219961	0	1
0.000	0.015	1.008204553	0	1
0.000	0.017	1.008196488	0	1
0.000	0.019	1.008214571	0	1
0.000	0.021	1.008216967	0	1
0.000	0.022	1.008219150	0	1
0.000	0.024	1.008217097	0	1
0.000	0.026	1.008216766	0	1
0.000	0.028	1.008217537	0	1
0.000	0.030	1.008201337	0	1
0.000	0.032	1.008194683	0	1
0.000	0.034	1.008200435	0	1
0.000	0.036	1.008197969	0	1
0.000	0.037	1.008217007	0	1
0.000	0.039	1.008192840	0	1
0.000	0.041	1.008192470	0	1
0.000	0.043	1.008148997	0	1
0.000	0.045	1.008196146	0	1
0.000	0.047	1.008195165	0	1
0.000	0.049	1.008196538	0	1
0.000	0.051	1.008197199	0	1
0.000	0.052	1.008215213	0	1
0.000	0.054	1.008215664	0	1
0.000	0.056	1.008219049	0	1
0.000	0.058	1.008215273	0	1
0.000	0.060	1.008215784	0	1
0.000	0.062	1.008214051	0	1
0.000	0.064	1.008215574	0	1
0.000	0.066	1.008221274	0	1
0.000	0.068	1.008217308	0	1
0.000	0.069	1.008214671	0	1
0.000	0.071	1.008216475	0	1
0.000	0.073	1.008222677	0	1
0.000	0.075	1.008215523	0	1
0.000	0.077	1.008220413	0	1
0.000	0.079	1.008217878	0	1
0.000	0.081	1.008209292	0	1
0.000	0.082	1.008215293	0	1
0.000	0.084	1.008222897	0	1
0.000	0.086	1.008213710	1	1
0.000	0.088	1.008213941	2	1
0.000	0.090	1.004111027	5	0
0.000	0.092	1.004111719	5	0
0.000	0.094	1.004110606	5	0
0.000	0.096	1.004113753	5	0
0.000	0.098	1.004110667	5	0
0.000	0.099	1.004099945	5	0
0.000	0.101	1.004096720	5	0
0.000	0.103	0.003041737	5	0
0.000	0.105	0.003040275	5	0
0.000	0.107	0.003039484	5	0
0.000	0.109	0.003036618	5	0
0.000	0.111	0.003037169	6	0
0.000	0.112	0.003034925	6	0
0.000	0.114	0.003035566	7	0
0.000	0.116	0.003034484	7	0
0.000	0.118	0.003033451	8	0
0.000	0.120	0.003033833	8	0
