Vendor ID: 0x1e0f
Device ID: 0x2b
Lane: 2
Time (%UI)	Voltage (V)	Duration (s)	Count	Pass
-50.000	0.000	0.003036788	31	0
-48.438	0.000	0.003035215	31	0
-46.875	0.000	0.003034534	31	0
-45.312	0.000	0.003034554	31	0
-43.750	0.000	0.003035055	31	0
-42.188	0.000	0.003033743	31	0
-40.625	0.000	0.003033663	31	0
-39.062	0.000	0.003032070	31	0
-37.500	0.000	0.003030917	31	0
-35.938	0.000	0.003031619	31	0
-34.375	0.000	0.003031568	9	0
-32.812	0.000	0.003031338	11	0
-31.250	0.000	0.003030677	8	0
-29.688	0.000	0.003030847	8	0
-28.125	0.000	0.003031378	5	0
-26.562	0.000	1.004081370	5	0
-25.000	0.000	0.003031859	5	0
-23.438	0.000	1.004095748	5	0
-21.875	0.000	1.004108131	5	0
-20.312	0.000	1.008205725	2	1
-18.750	0.000	1.008205454	2	1
-17.188	0.000	1.008199662	0	1
-15.625	0.000	1.008240061	0	1
-14.062	0.000	1.008219762	0	1
-12.500	0.000	1.008237605	0	1
-10.938	0.000	1.008214422	0	1
-9.375	0.000	1.008217518	0	1
-7.812	0.000	1.008210414	0	1
-6.250	0.000	1.008218249	0	1
-4.688	0.000	1.008210052	0	1
-3.125	0.000	1.008213790	0	1
-1.562	0.000	1.008207128	0	1
1.562	0.000	1.008208670	0	1
3.125	0.000	1.008209572	0	1
4.688	0.000	1.008212368	0	1
6.250	0.000	1.008184505	0	1
7.812	0.000	1.008208941	0	1
9.375	0.000	1.008213820	0	1
10.938	0.000	1.008210423	0	1
12.500	0.000	1.008210033	0	1
14.062	0.000	1.008208730	0	1
15.625	0.000	1.008208921	0	1
17.188	0.000	1.008207619	0	1
18.750	0.000	1.008209492	0	1
20.312	0.000	1.008207177	0	1
21.875	0.000	1.008207287	0	1
23.438	0.000	1.004106599	5	0
25.000	0.000	1.004110235	5	0
26.562	0.000	1.004111047	5	0
28.125	0.000	0.003041136	5	0
29.688	0.000	0.003038852	5	0
31.250	0.000	0.003038091	5	0
32.812	0.000	0.003040045	7	0
34.375	0.000	0.003039313	5	0
35.938	0.000	0.003034814	3	0
37.500	0.000	0.003034183	31	0
39.062	0.000	0.003034093	31	0
40.625	0.000	0.003033331	31	0
42.188	0.000	0.003032750	31	0
43.750	0.000	0.003032881	31	0
45.312	0.000	0.003032090	31	0
46.875	0.000	0.003032109	31	0
48.438	0.000	0.003031668	31	0
50.000	0.000	0.003031277	31	0
0.000	-0.440	1.004095568	5	0
0.000	-0.433	1.004111688	5	0
0.000	-0.426	1.004110015	5	0
0.000	-0.419	1.004107070	5	0
0.000	-0.412	1.004106689	5	0
0.000	-0.406	1.004106959	5	0
0.000	-0.399	1.004107891	5	0
0.000	-0.392	1.004108573	5	0
0.000	-0.385	1.004106459	5	0
0.000	-0.378	1.004105627	5	0
0.000	-0.371	1.004107250	5	0
0.000	-0.364	1.004106499	5	0
0.000	-0.357	1.004106920	5	0
0.000	-0.351	1.008209902	2	1
0.000	-0.344	1.008206226	2	1
0.000	-0.337	1.008209182	0	1
0.000	-0.330	1.008210533	3	1
0.000	-0.323	1.008209903	0	1
0.000	-0.316	1.008208019	1	1
0.000	-0.309	1.008209682	0	1
0.000	-0.302	1.008209943	0	1
0.000	-0.296	1.008206887	0	1
0.000	-0.289	1.008208390	0	1
0.000	-0.282	1.008206747	0	1
0.000	-0.275	1.008206346	0	1
0.000	-0.268	1.008207989	0	1
0.000	-0.261	1.008206858	0	1
0.000	-0.254	1.008207769	0	1
0.000	-0.247	1.008207769	0	1
0.000	-0.241	1.008206807	0	1
0.000	-0.234	1.008204683	0	1
0.000	-0.227	1.008208159	0	1
0.000	-0.220	1.008209501	0	1
0.000	-0.213	1.008181269	0	1
0.000	-0.206	1.008205825	0	1
0.000	-0.199	1.008207539	0	1
0.000	-0.193	1.008207028	0	1
0.000	-0.186	1.008207969	0	1
0.000	-0.179	1.008211456	0	1
0.000	-0.172	1.008208842	0	1
0.000	-0.165	1.008207859	0	1
0.000	-0.158	1.008110093	0	1
0.000	-0.151	1.008196166	0	1
0.000	-0.144	1.008204833	0	1
0.000	-0.138	1.008204052	0	1
0.000	-0.131	1.008206056	0	1
0.000	-0.124	1.008168204	0	1
0.000	-0.117	1.008200576	0	1
0.000	-0.110	1.008210093	0	1
0.000	-0.103	1.008215173	0	1
0.000	-0.096	1.008228347	0	1
0.000	-0.089	1.008194023	0	1
0.000	-0.083	1.008207197	0	1
0.000	-0.076	1.008210063	0	1
0.000	-0.069	1.008210634	0	1
0.000	-0.062	1.008211215	0	1
0.000	-0.055	1.008206216	0	1
0.000	-0.048	1.008206196	0	1
0.000	-0.041	1.008209402	0	1
0.000	-0.034	1.008211646	0	1
0.000	-0.028	1.008210855	0	1
0.000	-0.021	1.008209201	0	1
0.000	-0.014	1.008211887	0	1
0.000	-0.007	1.008214973	0	1
0.000	0.007	1.008209172	0	1
0.000	0.014	1.008209281	0	1
0.000	0.021	1.008205314	0	1
0.000	0.028	1.008208139	0	1
0.000	0.034	1.008210745	0	1
0.000	0.041	1.008212207	0	1
0.000	0.048	1.008211395	0	1
0.000	0.055	1.008215414	0	1
0.000	0.062	1.008213520	0	1
0.000	0.069	1.008212528	0	1
0.000	0.076	1.008212017	0	1
0.000	0.083	1.008220282	0	1
0.000	0.089	1.008216215	0	1
0.000	0.096	1.008214781	0	1
0.000	0.103	1.008208912	0	1
0.000	0.110	1.008210072	0	1
0.000	0.117	1.008210595	0	1
0.000	0.124	1.008210093	0	1
0.000	0.131	1.008210074	0	1
0.000	0.138	1.008207007	0	1
0.000	0.144	1.008211716	0	1
0.000	0.151	1.008209522	0	1
0.000	0.158	1.008211916	0	1
0.000	0.165	1.008212317	0	1
0.000	0.172	1.008215112	0	1
0.000	0.179	1.008213550	0	1
0.000	0.186	1.008209061	0	1
0.000	0.193	1.008217638	0	1
0.000	0.199	1.008217658	0	1
0.000	0.206	1.008210814	0	1
0.000	0.213	1.008212127	0	1
0.000	0.220	1.008209132	0	1
0.000	0.227	1.008211256	0	1
0.000	0.234	1.008210805	0	1
0.000	0.241	1.008209883	0	1
0.000	0.247	1.008209161	0	1
0.000	0.254	1.008212218	0	1
0.000	0.261	1.008208560	0	1
0.000	0.268	1.008208670	0	1
0.000	0.275	1.008209251	0	1
0.000	0.282	1.008207980	0	1
0.000	0.289	1.008209823	0	1
0.000	0.296	1.008201617	0	1
0.000	0.302	1.008206045	3	1
0.000	0.309	1.008209812	0	1
0.000	0.316	1.008218930	1	1
0.000	0.323	1.008209622	2	1
0.000	0.330	1.004108382	5	0
0.000	0.337	1.008209251	0	1
0.000	0.344	1.008207288	3	1
0.000	0.351	1.008208731	0	1
0.000	0.357	1.004107812	5	0
0.000	0.364	0.003041457	5	0
0.000	0.371	1.004107380	5	0
0.000	0.378	1.004107671	5	0
0.000	0.385	1.004107722	5	0
0.000	0.392	1.004110587	5	0
0.000	0.399	1.004108362	5	0
0.000	0.406	1.004109444	5	0
0.000	0.412	1.004111689	5	0
0.000	0.419	1.004104273	5	0
0.000	0.426	1.004110016	5	0
0.000	0.433	1.004114024	5	0
0.000	0.440	1.004114814	5	0
