Vendor ID: 0x1022
Device ID: 0x153e
Lane: 1
Time (%UI)	Voltage (V)	Duration (s)	Count	Pass
-25.000	0.000	1.006180188	4	1
-23.438	0.000	1.006182903	1	1
-21.875	0.000	1.006171871	0	1
-20.312	0.000	1.006183654	0	1
-18.750	0.000	1.006184667	0	1
-17.188	0.000	1.006184917	0	1
-15.625	0.000	1.006186290	0	1
-14.062	0.000	1.006171892	0	1
-12.500	0.000	1.006186399	0	1
-10.938	0.000	1.006185858	0	1
-9.375	0.000	1.006185968	0	1
-7.812	0.000	1.006185148	0	1
-6.250	0.000	1.006188334	0	1
-4.688	0.000	1.006185748	0	1
-3.125	0.000	1.006191158	0	1
-1.562	0.000	1.006192300	0	1
1.562	0.000	1.006185187	0	1
3.125	0.000	1.006188353	0	1
4.688	0.000	1.006196949	0	1
6.250	0.000	1.006187632	0	1
7.812	0.000	1.006188032	0	1
9.375	0.000	1.006207459	0	1
10.938	0.000	1.006186199	0	1
12.500	0.000	1.006184155	0	1
14.062	0.000	1.006192501	0	1
15.625	0.000	1.006185929	0	1
17.188	0.000	1.006183554	3	1
18.750	0.000	1.002083486	5	0
20.312	0.000	1.002084268	5	0
21.875	0.000	1.002086542	5	0
23.438	0.000	1.002083897	5	0
25.000	0.000	1.002086753	5	0
0.000	-0.130	1.002085641	5	0
0.000	-0.126	1.002083546	5	0
0.000	-0.121	1.002083967	5	0
0.000	-0.117	1.002089898	5	0
0.000	-0.112	1.002084247	5	0
0.000	-0.108	1.002086252	5	0
0.000	-0.103	1.002083355	5	0
0.000	-0.099	1.006187341	2	1
0.000	-0.094	1.006185838	1	1
0.000	-0.090	1.006184446	0	1
0.000	-0.085	1.006188794	0	1
0.000	-0.081	1.006185338	0	1
0.000	-0.076	1.006184425	0	1
0.000	-0.072	1.006184847	0	1
0.000	-0.067	1.006183765	0	1
0.000	-0.063	1.006187021	0	1
0.000	-0.058	1.006189345	0	1
0.000	-0.054	1.006186800	0	1
0.000	-0.049	1.006187091	0	1
0.000	-0.045	1.006189175	0	1
0.000	-0.040	1.006190677	0	1
0.000	-0.036	1.006185096	0	1
0.000	-0.031	1.006192802	0	1
0.000	-0.027	1.006187892	0	1
0.000	-0.022	1.006186970	0	1
0.000	-0.018	1.006188754	0	1
0.000	-0.013	1.006181680	0	1
0.000	-0.009	1.006183192	0	1
0.000	-0.004	1.006185719	0	1
0.000	0.004	1.006184626	0	1
0.000	0.009	1.006186340	0	1
0.000	0.013	1.006183774	0	1
0.000	0.018	1.006183664	0	1
0.000	0.022	1.006182112	0	1
0.000	0.027	1.006182783	0	1
0.000	0.031	1.006183244	0	1
0.000	0.036	1.006186880	0	1
0.000	0.040	1.006182442	0	1
0.000	0.045	1.006185718	0	1
0.000	0.049	1.006184164	0	1
0.000	0.054	1.006188543	0	1
0.000	0.058	1.006182572	0	1
0.000	0.063	1.006183083	0	1
0.000	0.067	1.006180178	0	1
0.000	0.072	1.006180308	0	1
0.000	0.076	1.006183203	0	1
0.000	0.081	1.006176530	0	1
0.000	0.085	1.006178024	0	1
0.000	0.090	1.006179406	0	1
0.000	0.094	1.006179796	1	1
0.000	0.099	1.006178464	2	1
0.000	0.103	1.002082594	5	0
0.000	0.108	1.002087202	5	0
0.000	0.112	1.002087454	5	0
0.000	0.117	1.002081202	5	0
0.000	0.121	1.002082885	5	0
0.000	0.126	1.002082013	5	0
0.000	0.130	1.002087854	5	0
