Vendor ID: 0x25e
Device ID: 0x2b59
Lane: 3
Time (%UI)	Voltage (V)	Duration (s)	Count	Pass
-50.000	0.000	0.001020078	5	0
-48.276	0.000	0.001010139	5	0
-46.552	0.000	0.001017813	5	0
-44.828	0.000	0.001015559	5	0
-43.103	0.000	0.001010901	5	0
-41.379	0.000	0.001011080	5	0
-39.655	0.000	0.001008936	5	0
-37.931	0.000	0.001013625	5	0
-36.207	0.000	0.001029756	5	0
-34.483	0.000	0.001014156	5	0
-32.759	0.000	0.001012473	5	0
-31.034	0.000	0.001016291	5	0
-29.310	0.000	1.002079458	5	0
-27.586	0.000	1.002083837	5	0
-25.862	0.000	1.002080060	5	0
-24.138	0.000	1.002083767	5	0
-22.414	0.000	1.002093175	5	0
-20.690	0.000	1.006179727	2	1
-18.966	0.000	1.006185358	1	1
-17.241	0.000	1.006176981	0	1
-15.517	0.000	1.006176129	0	1
-13.793	0.000	1.006175869	0	1
-12.069	0.000	1.006177592	0	1
-10.345	0.000	1.006175167	0	1
-8.621	0.000	1.006175258	0	1
-6.897	0.000	1.006174647	0	1
-5.172	0.000	1.006176150	0	1
-3.448	0.000	1.006174176	0	1
-1.724	0.000	1.006175689	0	1
1.724	0.000	1.006160520	0	1
3.448	0.000	1.006176310	0	1
5.172	0.000	1.006177902	0	1
6.897	0.000	1.006179726	0	1
8.621	0.000	1.006184947	0	1
10.345	0.000	1.006177773	0	1
12.069	0.000	1.006178554	0	1
13.793	0.000	1.006178865	1	1
15.517	0.000	1.006083654	0	1
17.241	0.000	1.006142165	4	1
18.966	0.000	1.002079899	5	0
20.690	0.000	1.002104015	5	0
22.414	0.000	1.002075571	5	0
24.138	0.000	1.002077274	5	0
25.862	0.000	1.002079197	5	0
27.586	0.000	1.002164840	5	0
29.310	0.000	0.001015499	5	0
31.034	0.000	0.001026880	5	0
32.759	0.000	0.001016591	5	0
34.483	0.000	0.001023154	5	0
36.207	0.000	0.001015449	5	0
37.931	0.000	0.001017382	5	0
39.655	0.000	0.001013705	5	0
41.379	0.000	0.001010870	5	0
43.103	0.000	0.001014246	5	0
44.828	0.000	0.001012593	5	0
46.552	0.000	0.001010860	5	0
48.276	0.000	0.001008716	5	0
50.000	0.000	0.001165594	5	0
0.000	-0.080	1.002099175	5	0
0.000	-0.077	1.002081112	5	0
0.000	-0.075	1.002086551	5	0
0.000	-0.072	1.006178284	4	1
0.000	-0.070	1.006178845	1	1
0.000	-0.068	1.006155340	0	1
0.000	-0.065	1.006166631	1	1
0.000	-0.062	1.006164026	0	1
0.000	-0.060	1.006183734	0	1
0.000	-0.058	1.006186981	0	1
0.000	-0.055	1.006182181	0	1
0.000	-0.052	1.006180518	0	1
0.000	-0.050	1.006174276	0	1
0.000	-0.048	1.006180468	0	1
0.000	-0.045	1.006182993	0	1
0.000	-0.043	1.006181139	0	1
0.000	-0.040	1.006179546	0	1
0.000	-0.037	1.006179286	0	1
0.000	-0.035	1.006182812	0	1
0.000	-0.033	1.006178404	0	1
0.000	-0.030	1.006178304	0	1
0.000	-0.028	1.006182482	0	1
0.000	-0.025	1.006177291	0	1
0.000	-0.022	1.006180609	0	1
0.000	-0.020	1.006185146	0	1
0.000	-0.018	1.006186069	0	1
0.000	-0.015	1.006181730	0	1
0.000	-0.013	1.006184165	0	1
0.000	-0.010	1.006182241	0	1
0.000	-0.007	1.006186480	0	1
0.000	-0.005	1.006186229	0	1
0.000	-0.003	1.006184195	0	1
0.000	0.003	1.006181820	0	1
0.000	0.005	1.006181870	0	1
0.000	0.007	1.006183644	0	1
0.000	0.010	1.006179036	0	1
0.000	0.013	1.006179706	0	1
0.000	0.015	1.006181700	0	1
0.000	0.018	1.006180739	0	1
0.000	0.020	1.006181370	0	1
0.000	0.022	1.006184886	0	1
0.000	0.025	1.006183434	0	1
0.000	0.028	1.006185367	0	1
0.000	0.030	1.006185067	0	1
0.000	0.033	1.006183133	0	1
0.000	0.035	1.006183675	0	1
0.000	0.037	1.006188383	0	1
0.000	0.040	1.006187171	0	1
0.000	0.043	1.006184486	0	1
0.000	0.045	1.006185398	0	1
0.000	0.048	1.006184415	0	1
0.000	0.050	1.006181940	0	1
0.000	0.052	1.006184025	0	1
0.000	0.055	1.006185367	0	1
0.000	0.058	1.006185218	0	1
0.000	0.060	1.006184847	1	1
0.000	0.062	1.006184435	0	1
0.000	0.065	1.006183273	0	1
0.000	0.068	1.006182973	0	1
0.000	0.070	1.006187441	0	1
0.000	0.072	1.002091311	5	0
0.000	0.075	1.002078907	5	0
0.000	0.077	1.002081913	5	0
0.000	0.080	1.002085300	5	0
