Vendor ID: 0x1022
Device ID: 0x153e
Lane: 2
Time (%UI)	Voltage (V)	Duration (s)	Count	Pass
-25.000	0.000	1.002082935	5	0
-23.438	0.000	1.002083095	5	0
-21.875	0.000	1.002082585	5	0
-20.312	0.000	1.006182141	1	1
-18.750	0.000	1.006183925	0	1
-17.188	0.000	1.006183925	0	1
-15.625	0.000	1.006181299	0	1
-14.062	0.000	1.006187582	0	1
-12.500	0.000	1.006181429	0	1
-10.938	0.000	1.006181060	0	1
-9.375	0.000	1.006181150	0	1
-7.812	0.000	1.006179126	0	1
-6.250	0.000	1.006181700	0	1
-4.688	0.000	1.006180448	0	1
-3.125	0.000	1.006181150	0	1
-1.562	0.000	1.006181880	0	1
1.562	0.000	1.006179946	0	1
3.125	0.000	1.006179326	0	1
4.688	0.000	1.006189134	0	1
6.250	0.000	1.006180508	0	1
7.812	0.000	1.006176581	0	1
9.375	0.000	1.006182211	0	1
10.938	0.000	1.006182132	0	1
12.500	0.000	1.006181590	0	1
14.062	0.000	1.006158446	2	1
15.625	0.000	1.002080380	5	0
17.188	0.000	1.002083927	5	0
18.750	0.000	1.002080220	5	0
20.312	0.000	1.002078537	5	0
21.875	0.000	1.002082034	5	0
23.438	0.000	1.002075189	5	0
25.000	0.000	1.002075360	5	0
