Vendor ID: 0x1022
Device ID: 0x153e
Lane: 3
Time (%UI)	Voltage (V)	Duration (s)	Count	Pass
-25.000	0.000	1.006174115	3	1
-23.438	0.000	1.006171390	0	1
-21.875	0.000	1.006172814	0	1
-20.312	0.000	1.006171832	0	1
-18.750	0.000	1.006176029	0	1
-17.188	0.000	1.006174707	0	1
-15.625	0.000	1.006174126	0	1
-14.062	0.000	1.006174096	0	1
-12.500	0.000	1.006178454	0	1
-10.938	0.000	1.006176801	0	1
-9.375	0.000	1.006172062	0	1
-7.812	0.000	1.006174096	0	1
-6.250	0.000	1.006176010	0	1
-4.688	0.000	1.006170980	0	1
-3.125	0.000	1.006175789	0	1
-1.562	0.000	1.006173655	0	1
1.562	0.000	1.006174547	0	1
3.125	0.000	1.006174217	0	1
4.688	0.000	1.006174958	0	1
6.250	0.000	1.006181159	0	1
7.812	0.000	1.006172933	0	1
9.375	0.000	1.006175869	0	1
10.938	0.000	1.006170018	0	1
12.500	0.000	1.006173314	0	1
14.062	0.000	1.006176741	0	1
15.625	0.000	1.006175418	0	1
17.188	0.000	1.006177201	0	1
18.750	0.000	1.002077264	5	0
20.312	0.000	1.002078686	5	0
21.875	0.000	1.002081222	5	0
23.438	0.000	1.002078777	5	0
25.000	0.000	1.002076733	5	0
0.000	-0.130	1.002077765	5	0
0.000	-0.126	1.002076683	5	0
0.000	-0.121	1.002077444	5	0
0.000	-0.117	1.002077985	5	0
0.000	-0.112	1.002078927	5	0
0.000	-0.108	1.002077344	5	0
0.000	-0.103	1.006173815	2	1
0.000	-0.099	1.006175679	1	1
0.000	-0.094	1.006172082	0	1
0.000	-0.090	1.006173174	0	1
0.000	-0.085	1.006173114	0	1
0.000	-0.081	1.006171310	0	1
0.000	-0.076	1.006174848	0	1
0.000	-0.072	1.006175298	0	1
0.000	-0.067	1.006178294	0	1
0.000	-0.063	1.006173776	0	1
0.000	-0.058	1.006174837	0	1
0.000	-0.054	1.006170970	0	1
0.000	-0.049	1.006171621	0	1
0.000	-0.045	1.006171992	0	1
0.000	-0.040	1.006171381	0	1
0.000	-0.036	1.006156062	0	1
0.000	-0.031	1.006167563	0	1
0.000	-0.027	1.006168165	0	1
0.000	-0.022	1.006174687	0	1
0.000	-0.018	1.006170799	0	1
0.000	-0.013	1.006167984	0	1
0.000	-0.009	1.006171481	0	1
0.000	-0.004	1.006169337	0	1
0.000	0.004	1.006176340	0	1
0.000	0.009	1.006171161	0	1
0.000	0.013	1.006169487	0	1
0.000	0.018	1.006169568	0	1
0.000	0.022	1.006169266	0	1
0.000	0.027	1.006096688	0	1
0.000	0.031	1.006168485	0	1
0.000	0.036	1.006170188	0	1
0.000	0.040	1.006173816	0	1
0.000	0.045	1.006181199	0	1
0.000	0.049	1.006143999	0	1
0.000	0.054	1.006171370	0	1
0.000	0.058	1.006166962	0	1
0.000	0.063	1.006172773	0	1
0.000	0.067	1.006179225	0	1
0.000	0.072	1.006157795	0	1
0.000	0.076	1.006173425	0	1
0.000	0.081	1.006174427	0	1
0.000	0.085	1.006176401	0	1
0.000	0.090	1.006171411	0	1
0.000	0.094	1.006156893	1	1
0.000	0.099	1.006172944	2	1
0.000	0.103	1.002080731	5	0
0.000	0.108	1.002079899	5	0
0.000	0.112	1.002077876	5	0
0.000	0.117	1.002078396	5	0
0.000	0.121	1.002077654	5	0
0.000	0.126	1.002078567	5	0
0.000	0.130	1.002077244	5	0
