Vendor ID: 0x1022
Device ID: 0x153e
Lane: 1
Time (%UI)	Voltage (V)	Duration (s)	Count	Pass
-25.000	0.000	1.002075941	5	0
-23.438	0.000	1.006177833	3	1
-21.875	0.000	1.006176962	1	1
-20.312	0.000	1.006155420	0	1
-18.750	0.000	1.006175639	0	1
-17.188	0.000	1.006176400	0	1
-15.625	0.000	1.006174867	0	1
-14.062	0.000	1.006175017	0	1
-12.500	0.000	1.006177843	0	1
-10.938	0.000	1.006180709	0	1
-9.375	0.000	1.006187271	0	1
-7.812	0.000	1.006127076	0	1
-6.250	0.000	1.006174066	0	1
-4.688	0.000	1.006170570	0	1
-3.125	0.000	1.006178895	0	1
-1.562	0.000	1.006181610	0	1
1.562	0.000	1.006147566	0	1
3.125	0.000	1.006175549	0	1
4.688	0.000	1.006182142	0	1
6.250	0.000	1.006178856	0	1
7.812	0.000	1.006175719	0	1
9.375	0.000	1.006168124	0	1
10.938	0.000	1.006176471	0	1
12.500	0.000	1.006178143	0	1
14.062	0.000	1.006178895	0	1
15.625	0.000	1.006180017	0	1
17.188	0.000	1.006172182	0	1
18.750	0.000	1.006178935	0	1
20.312	0.000	1.002082845	5	0
21.875	0.000	1.002081072	5	0
23.438	0.000	1.002080951	5	0
25.000	0.000	1.002080049	5	0
0.000	-0.130	1.002079258	5	0
0.000	-0.126	1.002081142	5	0
0.000	-0.121	1.002081303	5	0
0.000	-0.117	1.002081543	5	0
0.000	-0.112	1.002084036	5	0
0.000	-0.108	1.002080230	5	0
0.000	-0.103	1.002079879	5	0
0.000	-0.099	1.002064790	5	0
0.000	-0.094	1.006175930	1	1
0.000	-0.090	1.006170529	3	1
0.000	-0.085	1.006175599	0	1
0.000	-0.081	1.006181780	0	1
0.000	-0.076	1.006180458	0	1
0.000	-0.072	1.006180709	0	1
0.000	-0.067	1.006180629	0	1
0.000	-0.063	1.006182632	0	1
0.000	-0.058	1.006182011	0	1
0.000	-0.054	1.006183383	0	1
0.000	-0.049	1.006185297	0	1
0.000	-0.045	1.006172512	0	1
0.000	-0.040	1.006183533	0	1
0.000	-0.036	1.006181470	0	1
0.000	-0.031	1.006182040	0	1
0.000	-0.027	1.006183244	0	1
0.000	-0.022	1.006184656	0	1
0.000	-0.018	1.006178133	0	1
0.000	-0.013	1.006180388	0	1
0.000	-0.009	1.006184696	0	1
0.000	-0.004	1.006181741	0	1
0.000	0.004	1.006185087	0	1
0.000	0.009	1.006186620	0	1
0.000	0.013	1.006185067	0	1
0.000	0.018	1.006182902	0	1
0.000	0.022	1.006184215	0	1
0.000	0.027	1.006182412	0	1
0.000	0.031	1.006183233	0	1
0.000	0.036	1.006188293	0	1
0.000	0.040	1.006181489	0	1
0.000	0.045	1.006180377	0	1
0.000	0.049	1.006180047	0	1
0.000	0.054	1.006182061	0	1
0.000	0.058	1.006181360	0	1
0.000	0.063	1.006181219	0	1
0.000	0.067	1.006179025	0	1
0.000	0.072	1.006184916	0	1
0.000	0.076	1.006179466	0	1
0.000	0.081	1.006181941	0	1
0.000	0.085	1.006179847	0	1
0.000	0.090	1.006182071	0	1
0.000	0.094	1.006183865	3	1
0.000	0.099	1.006179817	4	1
0.000	0.103	1.002080030	5	0
0.000	0.108	1.002083305	5	0
0.000	0.112	1.002081452	5	0
0.000	0.117	1.002081462	5	0
0.000	0.121	1.002080289	5	0
0.000	0.126	1.002086692	5	0
0.000	0.130	1.002082985	5	0
