Vendor ID: 0x1022
Device ID: 0x153e
Lane: 2
Time (%UI)	Voltage (V)	Duration (s)	Count	Pass
-25.000	0.000	1.006177041	1	1
-23.438	0.000	1.006172864	0	1
-21.875	0.000	1.006173414	0	1
-20.312	0.000	1.006176440	0	1
-18.750	0.000	1.006175378	0	1
-17.188	0.000	1.006173595	0	1
-15.625	0.000	1.006174276	0	1
-14.062	0.000	1.006161903	0	1
-12.500	0.000	1.006181540	0	1
-10.938	0.000	1.006183002	0	1
-9.375	0.000	1.006177834	0	1
-7.812	0.000	1.006195617	0	1
-6.250	0.000	1.006178574	0	1
-4.688	0.000	1.006177853	0	1
-3.125	0.000	1.006179977	0	1
-1.562	0.000	1.006175069	0	1
1.562	0.000	1.006178355	0	1
3.125	0.000	1.006169558	0	1
4.688	0.000	1.006176851	0	1
6.250	0.000	1.006176501	0	1
7.812	0.000	1.006168226	0	1
9.375	0.000	1.006179736	0	1
10.938	0.000	1.006180618	0	1
12.500	0.000	1.006179717	0	1
14.062	0.000	1.006183714	0	1
15.625	0.000	1.006159277	0	1
17.188	0.000	1.006176090	0	1
18.750	0.000	1.006182202	0	1
20.312	0.000	1.002079980	5	0
21.875	0.000	1.002079669	5	0
23.438	0.000	1.002078828	5	0
25.000	0.000	1.002079929	5	0
0.000	-0.130	1.006178433	0	1
0.000	-0.126	1.006177803	0	1
0.000	-0.121	1.006180338	0	1
0.000	-0.117	1.006166411	0	1
0.000	-0.112	1.006173885	0	1
0.000	-0.108	1.006178024	0	1
0.000	-0.103	1.006197150	0	1
0.000	-0.099	1.006071511	0	1
0.000	-0.094	1.006069467	0	1
0.000	-0.090	1.006066160	0	1
0.000	-0.085	1.006067283	0	1
0.000	-0.081	1.006067875	0	1
0.000	-0.076	1.006067724	0	1
0.000	-0.072	1.006071260	0	1
0.000	-0.067	1.006069697	0	1
0.000	-0.063	1.006070470	0	1
0.000	-0.058	1.006068985	0	1
0.000	-0.054	1.006067563	0	1
0.000	-0.049	1.006075570	0	1
0.000	-0.045	1.006071481	0	1
0.000	-0.040	1.006073505	0	1
0.000	-0.036	1.006068757	0	1
0.000	-0.031	1.006067635	0	1
0.000	-0.027	1.006068315	0	1
0.000	-0.022	1.006067844	0	1
0.000	-0.018	1.006067683	0	1
0.000	-0.013	1.006067955	0	1
0.000	-0.009	1.006066631	0	1
0.000	-0.004	1.006069608	0	1
0.000	0.004	1.006070479	0	1
0.000	0.009	1.006069196	0	1
0.000	0.013	1.006070879	0	1
0.000	0.018	1.006070328	0	1
0.000	0.022	1.006070248	0	1
0.000	0.027	1.006068035	0	1
0.000	0.031	1.006072183	0	1
0.000	0.036	1.006073564	0	1
0.000	0.040	1.006069948	0	1
0.000	0.045	1.006073635	0	1
0.000	0.049	1.006070658	0	1
0.000	0.054	1.006073054	0	1
0.000	0.058	1.006068886	0	1
0.000	0.063	1.006067464	0	1
0.000	0.067	1.006069356	0	1
0.000	0.072	1.006067553	0	1
0.000	0.076	1.006067614	0	1
0.000	0.081	1.006065901	0	1
0.000	0.085	1.006071782	0	1
0.000	0.090	1.006073454	0	1
0.000	0.094	1.006078575	0	1
0.000	0.099	1.006069327	0	1
0.000	0.103	1.006067543	0	1
0.000	0.108	1.006071341	0	1
0.000	0.112	1.006075478	0	1
0.000	0.117	1.006069097	0	1
0.000	0.121	1.006068616	0	1
0.000	0.126	1.006073925	0	1
0.000	0.130	1.006069808	0	1
