Vendor ID: 0x1987
Device ID: 0x5302
Lane: 3
Time (%UI)	Voltage (V)	Duration (s)	Count	Pass
-50.000	0.000	0.001013405	31	0
-48.387	0.000	0.001012262	31	0
-46.774	0.000	0.001012423	31	0
-45.161	0.000	0.001012353	31	0
-43.548	0.000	0.001012433	31	0
-41.935	0.000	0.001012082	31	0
-40.323	0.000	0.001011701	31	0
-38.710	0.000	0.001011401	31	0
-37.097	0.000	0.001011682	31	0
-35.484	0.000	0.001011551	31	0
-33.871	0.000	0.001011170	31	0
-32.258	0.000	0.001011090	26	0
-30.645	0.000	0.001011021	13	0
-29.032	0.000	0.001010900	11	0
-27.419	0.000	0.001010890	6	0
-25.806	0.000	0.001011190	7	0
-24.194	0.000	1.002074839	8	0
-22.581	0.000	1.002075762	5	0
-20.968	0.000	1.006175188	2	1
-19.355	0.000	1.006174606	0	1
-17.742	0.000	1.006175349	0	1
-16.129	0.000	1.006172804	0	1
-14.516	0.000	1.006176710	0	1
-12.903	0.000	1.006173134	0	1
-11.290	0.000	1.006178294	0	1
-9.677	0.000	1.006179557	0	1
-8.065	0.000	1.006176120	0	1
-6.452	0.000	1.006174537	0	1
-4.839	0.000	1.006181661	0	1
-3.226	0.000	1.006176962	0	1
-1.613	0.000	1.006176831	0	1
1.613	0.000	1.006199253	0	1
3.226	0.000	1.006187021	0	1
4.839	0.000	1.006174906	0	1
6.452	0.000	1.006175679	0	1
8.065	0.000	1.006177251	0	1
9.677	0.000	1.006173275	0	1
11.290	0.000	1.006176440	0	1
12.903	0.000	1.006175478	0	1
14.516	0.000	1.006176290	0	1
16.129	0.000	1.006175468	0	1
17.742	0.000	1.006174937	0	1
19.355	0.000	1.006177833	0	1
20.968	0.000	1.006175749	0	1
22.581	0.000	1.006175099	0	1
24.194	0.000	1.006176660	0	1
25.806	0.000	1.006171922	0	1
27.419	0.000	1.006173084	0	1
29.032	0.000	1.006176170	0	1
30.645	0.000	1.006174938	0	1
32.258	0.000	1.006160660	1	1
33.871	0.000	1.006172012	1	1
35.484	0.000	1.002078457	8	0
37.097	0.000	1.002078376	11	0
38.710	0.000	1.002074359	5	0
40.323	0.000	0.001012884	17	0
41.935	0.000	0.001012583	5	0
43.548	0.000	0.001012133	7	0
45.161	0.000	0.001012022	14	0
46.774	0.000	0.001011742	31	0
48.387	0.000	0.001011882	31	0
50.000	0.000	0.001011681	31	0
0.000	-0.500	0.001011442	31	0
0.000	-0.496	0.001011321	31	0
0.000	-0.492	0.001011250	31	0
0.000	-0.488	0.001011120	31	0
0.000	-0.484	0.001011150	31	0
0.000	-0.480	0.001010790	31	0
0.000	-0.476	0.001010770	31	0
0.000	-0.472	0.001010730	31	0
0.000	-0.469	0.001011060	31	0
0.000	-0.465	0.001010599	31	0
0.000	-0.461	0.001011631	31	0
0.000	-0.457	0.001010519	31	0
0.000	-0.453	0.001010489	31	0
0.000	-0.449	0.001010439	31	0
0.000	-0.445	0.001010449	31	0
0.000	-0.441	0.001010309	31	0
0.000	-0.437	0.001010289	31	0
0.000	-0.433	0.001010289	31	0
0.000	-0.429	0.001010189	31	0
0.000	-0.425	0.001010450	31	0
0.000	-0.421	0.001010219	31	0
0.000	-0.417	0.001010279	31	0
0.000	-0.413	0.001010179	31	0
0.000	-0.409	0.001010239	31	0
0.000	-0.406	0.001010249	31	0
0.000	-0.402	0.001010129	31	0
0.000	-0.398	0.001010400	31	0
0.000	-0.394	0.001010128	31	0
0.000	-0.390	0.001010319	31	0
0.000	-0.386	0.001010098	31	0
0.000	-0.382	0.001009988	31	0
0.000	-0.378	0.001009989	31	0
0.000	-0.374	0.001010009	31	0
0.000	-0.370	0.001010119	31	0
0.000	-0.366	0.001010149	31	0
0.000	-0.362	0.001011061	31	0
0.000	-0.358	0.001010168	31	0
0.000	-0.354	0.001009949	31	0
0.000	-0.350	0.001010008	31	0
0.000	-0.346	0.001010139	31	0
0.000	-0.343	0.001010890	31	0
0.000	-0.339	0.001009778	31	0
0.000	-0.335	0.001009267	31	0
0.000	-0.331	0.001008916	31	0
0.000	-0.327	0.001009016	31	0
0.000	-0.323	0.001009818	31	0
0.000	-0.319	0.001009117	31	0
0.000	-0.315	0.001008866	31	0
0.000	-0.311	0.001008936	31	0
0.000	-0.307	0.001009077	31	0
0.000	-0.303	0.001009858	31	0
0.000	-0.299	0.001008996	31	0
0.000	-0.295	0.001008927	31	0
0.000	-0.291	0.001009007	31	0
0.000	-0.287	0.001008926	31	0
0.000	-0.283	0.001009828	31	0
0.000	-0.280	0.001008946	31	0
0.000	-0.276	0.001009577	31	0
0.000	-0.272	0.001009007	31	0
0.000	-0.268	0.001008936	31	0
0.000	-0.264	0.001008836	31	0
0.000	-0.260	0.001009096	31	0
0.000	-0.256	0.001009107	31	0
0.000	-0.252	0.001009157	31	0
0.000	-0.248	0.001008916	31	0
0.000	-0.244	0.001009177	31	0
0.000	-0.240	0.001008967	31	0
0.000	-0.236	0.001009007	31	0
0.000	-0.232	0.001009177	31	0
0.000	-0.228	0.001009037	31	0
0.000	-0.224	0.001008786	31	0
0.000	-0.220	0.001008887	31	0
0.000	-0.217	0.001009037	31	0
0.000	-0.213	0.001009027	31	0
0.000	-0.209	0.001009056	12	0
0.000	-0.205	0.001008997	4	0
0.000	-0.201	0.001009027	12	0
0.000	-0.197	0.001008857	9	0
0.000	-0.193	0.001008966	5	0
0.000	-0.189	0.001009037	5	0
0.000	-0.185	0.001008987	13	0
0.000	-0.181	0.001009097	5	0
0.000	-0.177	0.001009287	12	0
0.000	-0.173	0.001008966	6	0
0.000	-0.169	0.001009057	5	0
0.000	-0.165	1.002070692	6	0
0.000	-0.161	1.002071874	11	0
0.000	-0.157	1.002074940	8	0
0.000	-0.154	1.002035675	13	0
0.000	-0.150	1.002075341	5	0
0.000	-0.146	1.002079849	7	0
0.000	-0.142	1.006173484	3	1
0.000	-0.138	1.006174256	0	1
0.000	-0.134	1.006170078	0	1
0.000	-0.130	1.006185166	0	1
0.000	-0.126	1.006157794	0	1
0.000	-0.122	1.006172964	0	1
0.000	-0.118	1.006185068	0	1
0.000	-0.114	1.006175048	0	1
0.000	-0.110	1.006174798	0	1
0.000	-0.106	1.006174597	0	1
0.000	-0.102	1.006175168	0	1
0.000	-0.098	1.006173234	0	1
0.000	-0.094	1.006173033	0	1
0.000	-0.091	1.006175429	0	1
0.000	-0.087	1.006222148	0	1
0.000	-0.083	1.006200135	0	1
0.000	-0.079	1.006185939	0	1
0.000	-0.075	1.006188653	0	1
0.000	-0.071	1.006188333	0	1
0.000	-0.067	1.006152094	0	1
0.000	-0.063	1.006188704	0	1
0.000	-0.059	1.006187751	0	1
0.000	-0.055	1.006185367	0	1
0.000	-0.051	1.006185718	0	1
0.000	-0.047	1.006167253	0	1
0.000	-0.043	1.006186238	0	1
0.000	-0.039	1.006178925	0	1
0.000	-0.035	1.006183323	0	1
0.000	-0.031	1.006202490	0	1
0.000	-0.028	1.006189545	0	1
0.000	-0.024	1.006199534	0	1
0.000	-0.020	1.006202269	0	1
0.000	-0.016	1.006204173	0	1
0.000	-0.012	1.006187090	0	1
0.000	-0.008	1.006182903	0	1
0.000	-0.004	1.006188573	0	1
0.000	0.004	1.006175488	0	1
0.000	0.008	1.006182171	0	1
0.000	0.012	1.006187762	0	1
0.000	0.016	1.006175339	0	1
0.000	0.020	1.006181491	0	1
0.000	0.024	1.006183153	0	1
0.000	0.028	1.006183433	0	1
0.000	0.031	1.006180068	0	1
0.000	0.035	1.006177752	0	1
0.000	0.039	1.006186970	0	1
0.000	0.043	1.006184305	0	1
0.000	0.047	1.006178664	0	1
0.000	0.051	1.006183022	0	1
0.000	0.055	1.006178214	0	1
0.000	0.059	1.006181809	0	1
0.000	0.063	1.006183584	0	1
0.000	0.067	1.006180037	0	1
0.000	0.071	1.006182122	0	1
0.000	0.075	1.006188323	0	1
0.000	0.079	1.006181690	0	1
0.000	0.083	1.006181089	0	1
0.000	0.087	1.006189185	0	1
0.000	0.091	1.006183905	0	1
0.000	0.094	1.006183594	0	1
0.000	0.098	1.006181390	0	1
0.000	0.102	1.006183604	0	1
0.000	0.106	1.006179306	0	1
0.000	0.110	1.006179296	0	1
0.000	0.114	1.006178664	0	1
0.000	0.118	1.006177753	0	1
0.000	0.122	1.006178223	0	1
0.000	0.126	1.002078928	6	0
0.000	0.130	1.002083777	5	0
0.000	0.134	1.002082915	9	0
0.000	0.138	1.002082785	6	0
0.000	0.142	1.002084929	7	0
0.000	0.146	1.002081742	7	0
0.000	0.150	0.001014407	5	0
0.000	0.154	0.001014156	6	0
0.000	0.157	0.001013335	6	0
0.000	0.161	0.001012844	6	0
0.000	0.165	0.001012954	10	0
0.000	0.169	0.001012593	8	0
0.000	0.173	0.001012323	5	0
0.000	0.177	0.001012253	8	0
0.000	0.181	0.001011972	13	0
0.000	0.185	0.001013265	12	0
0.000	0.189	0.001011893	21	0
0.000	0.193	0.001011702	20	0
0.000	0.197	0.001011862	31	0
0.000	0.201	0.001011661	31	0
0.000	0.205	0.001012132	31	0
0.000	0.209	0.001011130	31	0
0.000	0.213	0.001011341	31	0
0.000	0.217	0.001011341	31	0
0.000	0.220	0.001010770	31	0
0.000	0.224	0.001011882	31	0
0.000	0.228	0.001010750	31	0
0.000	0.232	0.001010960	31	0
0.000	0.236	0.001010920	31	0
0.000	0.240	0.001010830	31	0
0.000	0.244	0.001011411	31	0
0.000	0.248	0.001010650	31	0
0.000	0.252	0.001010730	31	0
0.000	0.256	0.001010880	31	0
0.000	0.260	0.001010900	31	0
0.000	0.264	0.001010940	31	0
0.000	0.268	0.001010208	31	0
0.000	0.272	0.001010489	31	0
0.000	0.276	0.001010670	31	0
0.000	0.280	0.001010249	31	0
0.000	0.283	0.001010449	31	0
0.000	0.287	0.001010289	31	0
0.000	0.291	0.001010610	31	0
0.000	0.295	0.001010259	31	0
0.000	0.299	0.001010208	31	0
0.000	0.303	0.001010419	31	0
0.000	0.307	0.001010390	31	0
0.000	0.311	0.001010570	31	0
0.000	0.315	0.001010228	31	0
0.000	0.319	0.001010138	31	0
0.000	0.323	0.001011441	31	0
0.000	0.327	0.001011261	31	0
0.000	0.331	0.001011120	31	0
0.000	0.335	0.001010309	31	0
0.000	0.339	0.001010108	31	0
0.000	0.343	0.001010139	31	0
0.000	0.346	0.001010520	31	0
0.000	0.350	0.001010079	31	0
0.000	0.354	0.001010179	31	0
0.000	0.358	0.001010329	31	0
0.000	0.362	0.001009848	31	0
0.000	0.366	0.001010069	31	0
0.000	0.370	0.001010029	31	0
0.000	0.374	0.001010469	31	0
0.000	0.378	0.001010239	31	0
0.000	0.382	0.001009978	31	0
0.000	0.386	0.001009959	31	0
0.000	0.390	0.001009979	31	0
0.000	0.394	0.001009988	31	0
0.000	0.398	0.001010099	31	0
0.000	0.402	0.001010028	31	0
0.000	0.406	0.001010019	31	0
0.000	0.409	0.001009959	31	0
0.000	0.413	0.001009898	31	0
0.000	0.417	0.001012573	31	0
0.000	0.421	0.001010259	31	0
0.000	0.425	0.001009998	31	0
0.000	0.429	0.001009828	31	0
0.000	0.433	0.001010189	31	0
0.000	0.437	0.001010199	31	0
0.000	0.441	0.001010018	31	0
0.000	0.445	0.001010249	31	0
0.000	0.449	0.001010009	31	0
0.000	0.453	0.001009849	31	0
0.000	0.457	0.001009919	31	0
0.000	0.461	0.001009848	31	0
0.000	0.465	0.001010299	31	0
0.000	0.469	0.001010038	31	0
0.000	0.472	0.001009919	31	0
0.000	0.476	0.001010149	31	0
0.000	0.480	0.001010018	31	0
0.000	0.484	0.001009858	31	0
0.000	0.488	0.001010199	31	0
0.000	0.492	0.001009868	31	0
0.000	0.496	0.001010249	31	0
0.000	0.500	0.001010059	31	0
