Vendor ID: 0x1b96
Device ID: 0x2751
Lane: 2
Time (%UI)	Voltage (V)	Duration (s)	Count	Pass
-40.000	0.000	0.003041367	5	0
-37.143	0.000	1.004109765	5	0
-34.286	0.000	1.004111267	5	0
-31.429	0.000	1.008214531	0	1
-28.571	0.000	1.008211907	0	1
-25.714	0.000	1.008216125	0	1
-22.857	0.000	1.008215132	0	1
-20.000	0.000	1.008214642	0	1
-17.143	0.000	1.008210333	0	1
-14.286	0.000	1.008214843	0	1
-11.429	0.000	1.008209632	0	1
-8.571	0.000	1.008213530	0	1
-5.714	0.000	1.008212247	0	1
-2.857	0.000	1.008211195	0	1
2.857	0.000	1.006190197	0	1
5.714	0.000	1.008216316	0	1
8.571	0.000	1.008216896	0	1
11.429	0.000	1.008215362	0	1
14.286	0.000	1.008215813	0	1
17.143	0.000	1.004108462	5	0
20.000	0.000	1.002082183	5	0
22.857	0.000	0.001014727	5	0
25.714	0.000	0.003039503	5	0
28.571	0.000	0.001013275	1	0
31.429	0.000	0.003037159	31	0
34.286	0.000	1.008205735	0	1
37.143	0.000	1.008213529	0	1
40.000	0.000	1.008211836	0	1
0.000	-0.120	0.003039834	6	0
0.000	-0.118	0.003038541	8	0
0.000	-0.116	0.003037460	7	0
0.000	-0.114	0.001012754	5	0
0.000	-0.112	0.003036398	6	0
0.000	-0.111	0.003034765	5	0
0.000	-0.109	1.002080029	5	0
0.000	-0.107	0.003042509	5	0
0.000	-0.105	0.003040596	5	0
0.000	-0.103	1.002084247	5	0
0.000	-0.101	1.002084057	5	0
0.000	-0.099	0.003043291	5	0
0.000	-0.098	0.003040475	5	0
0.000	-0.096	0.003038652	5	0
0.000	-0.094	1.004109374	5	0
0.000	-0.092	1.004110166	5	0
0.000	-0.090	1.004108132	5	0
0.000	-0.088	1.004111137	5	0
0.000	-0.086	1.004111157	5	0
0.000	-0.084	1.004110085	5	0
0.000	-0.082	1.004113322	5	0
0.000	-0.081	1.004111098	5	0
0.000	-0.079	1.004108352	5	0
0.000	-0.077	1.008209743	0	1
0.000	-0.075	1.008212087	0	1
0.000	-0.073	1.008207168	0	1
0.000	-0.071	1.008209131	1	1
0.000	-0.069	1.008209883	1	1
0.000	-0.068	1.008209182	0	1
0.000	-0.066	1.006184285	0	1
0.000	-0.064	1.008211015	0	1
0.000	-0.062	1.008208580	0	1
0.000	-0.060	1.008209232	0	1
0.000	-0.058	1.008209743	0	1
0.000	-0.056	1.008207488	0	1
0.000	-0.054	1.008213019	0	1
0.000	-0.052	1.008212266	0	1
0.000	-0.051	1.008215433	0	1
0.000	-0.049	1.008213308	0	1
0.000	-0.047	1.008218219	0	1
0.000	-0.045	1.008212277	0	1
0.000	-0.043	1.008208300	0	1
0.000	-0.041	1.008211476	0	1
0.000	-0.039	1.008206987	0	1
0.000	-0.037	1.008207989	0	1
0.000	-0.036	1.008210184	0	1
0.000	-0.034	1.008207769	0	1
0.000	-0.032	1.008207268	0	1
0.000	-0.030	1.006185638	0	1
0.000	-0.028	1.008206968	0	1
0.000	-0.026	1.008209482	0	1
0.000	-0.024	1.008211867	0	1
0.000	-0.022	1.006182080	0	1
0.000	-0.021	1.008208660	0	1
0.000	-0.019	1.008211605	0	1
0.000	-0.017	1.008208551	0	1
0.000	-0.015	1.008194944	0	1
0.000	-0.013	1.008208159	0	1
0.000	-0.011	1.008209682	0	1
0.000	-0.009	1.008209953	0	1
0.000	-0.007	1.008225623	0	1
0.000	-0.006	1.006192812	0	1
0.000	-0.004	1.008218950	0	1
0.000	-0.002	1.008221334	0	1
0.000	0.002	1.008180988	0	1
0.000	0.004	1.008207138	0	1
0.000	0.006	1.008216796	0	1
0.000	0.007	1.008216947	0	1
0.000	0.009	1.006190256	0	1
0.000	0.011	1.008204041	0	1
0.000	0.013	1.008210564	0	1
0.000	0.015	1.008218419	0	1
0.000	0.017	1.008217126	0	1
0.000	0.019	1.008214882	0	1
0.000	0.021	1.008204171	0	1
0.000	0.022	1.008210644	0	1
0.000	0.024	1.008210564	0	1
0.000	0.026	1.008214792	0	1
0.000	0.028	1.008213860	0	1
0.000	0.030	1.008199302	0	1
0.000	0.032	1.008211235	0	1
0.000	0.034	1.008213139	0	1
0.000	0.036	1.008156651	0	1
0.000	0.037	1.008201407	0	1
0.000	0.039	1.008181689	0	1
0.000	0.041	1.008191527	0	1
0.000	0.043	1.008201026	0	1
0.000	0.045	1.008203571	0	1
0.000	0.047	1.008198461	0	1
0.000	0.049	1.008214702	0	1
0.000	0.051	1.008208661	0	1
0.000	0.052	1.008204974	0	1
0.000	0.054	1.008205444	0	1
0.000	0.056	1.008206276	0	1
0.000	0.058	1.008205865	0	1
0.000	0.060	1.008204702	0	1
0.000	0.062	1.008208541	0	1
0.000	0.064	1.008205915	0	1
0.000	0.066	1.008205845	0	1
0.000	0.068	1.008208270	0	1
0.000	0.069	1.008207268	0	1
0.000	0.071	1.008212056	0	1
0.000	0.073	1.006182833	0	1
0.000	0.075	1.008208470	0	1
0.000	0.077	1.008210644	0	1
0.000	0.079	1.008208730	0	1
0.000	0.081	1.008208600	0	1
0.000	0.082	1.008217086	0	1
0.000	0.084	1.008206768	0	1
0.000	0.086	1.008211015	0	1
0.000	0.088	1.006183554	0	1
0.000	0.090	1.008210414	2	1
0.000	0.092	1.008207487	0	1
0.000	0.094	1.006181460	2	1
0.000	0.096	1.008211787	3	1
0.000	0.098	1.004108512	5	0
0.000	0.099	1.004105767	5	0
0.000	0.101	1.004108012	5	0
0.000	0.103	1.004107711	5	0
0.000	0.105	1.004118321	5	0
0.000	0.107	0.003042208	5	0
0.000	0.109	0.003039403	5	0
0.000	0.111	0.003037980	5	0
0.000	0.112	0.003037309	5	0
0.000	0.114	0.003036618	5	0
0.000	0.116	0.003035365	5	0
0.000	0.118	0.003034825	6	0
0.000	0.120	0.003034143	5	0
